penguin.jpg	 682	 631	 7.449977e+00	 16.000000	 7.116121e+03	 7.124086e+03
gorilla.jpg	 929	 622	 5.825579e+00	 19.000000	 7.124752e+03	 7.131083e+03
llama.jpg	 677	 729	 7.825801e+00	 26.000000	 7.131732e+03	 7.140063e+03
mouse.jpg	 855	 716	 4.623795e+00	 28.000000	 7.140729e+03	 7.145861e+03
lion.jpg	 924	 635	 1.180837e+01	 19.000000	 7.146510e+03	 7.158823e+03
dolphin.jpg	 344	 796	 5.817756e+00	 32.000000	 7.159506e+03	 7.165837e+03
horse.jpg	 938	 556	 1.593558e+01	 9.000000	 7.166487e+03	 7.182931e+03
zebra.jpg	 1031	 628	 1.408235e+01	 20.000000	 7.183631e+03	 7.198226e+03
skunk.jpg	 588	 808	 4.708845e+00	 35.000000	 7.198925e+03	 7.204141e+03
camel.jpg	 426	 710	 1.225204e+01	 23.000000	 7.204790e+03	 7.217553e+03
macaw.jpg	 513	 815	 6.773576e+00	 34.000000	 7.218235e+03	 7.225516e+03
kangaroo.jpg	 998	 787	 1.878358e+01	 40.000000	 7.226166e+03	 7.245459e+03
moose.jpg	 260	 727	 4.339876e+00	 21.000000	 7.246175e+03	 7.251024e+03
koala.jpg	 1007	 728	 4.494746e+00	 30.000000	 7.251673e+03	 7.256672e+03
cat.jpg	 666	 821	 5.693216e+00	 36.000000	 7.257321e+03	 7.263520e+03
seal.jpg	 521	 551	 7.472001e+00	 4.000000	 7.264169e+03	 7.272150e+03
rabbit.jpg	 509	 652	 2.127911e+00	 14.000000	 7.272816e+03	 7.275449e+03
hippo.jpg	 752	 643	 4.283182e+00	 17.000000	 7.276081e+03	 7.280880e+03
panda.jpg	 257	 557	 4.229147e+00	 1.000000	 7.281529e+03	 7.286278e+03
wolf.jpg	 842	 802	 3.591020e+00	 38.000000	 7.286928e+03	 7.291027e+03
tortoise.jpg	 282	 803	 8.108913e+00	 31.000000	 7.291659e+03	 7.300273e+03
flamingo.jpg	 610	 565	 4.099977e+00	 5.000000	 7.300939e+03	 7.305555e+03
ram.jpg	 767	 638	 8.018169e+00	 17.000000	 7.306204e+03	 7.314735e+03
pig.jpg	 605	 812	 1.283484e+01	 35.000000	 7.315401e+03	 7.328747e+03
leopard.jpg	 999	 792	 1.427835e+01	 40.000000	 7.329429e+03	 7.344225e+03
rhino.jpg	 1086	 696	 5.967956e+00	 	 7.344924e+03	 7.351405e+03
elephantafrican.jpg	 513	 713	 1.149778e+01	 24.000000	 7.352055e+03	 7.364068e+03
brown_bear.jpg	 429	 640	 2.646303e+00	 13.000000	 7.364750e+03	 7.367916e+03
cow.jpg	 340	 789	 4.192492e+00	 32.000000	 7.368549e+03	 7.373248e+03
duck.jpg	 853	 633	 9.000473e+00	 18.000000	 7.373897e+03	 7.383411e+03
wolf.jpg	 524	 565	 1.940646e+01	 4.000000	 7.384077e+03	 7.404004e+03
brown_bear.jpg	 927	 735	 6.147304e+00	 29.000000	 7.404720e+03	 7.411384e+03
tortoise.jpg	 763	 558	 1.721266e+01	 7.000000	 7.412050e+03	 7.429778e+03
tortoise.jpg	 778	 555	 4.416685e+00	 7.000000	 7.430494e+03	 7.435426e+03
koala.jpg	 607	 719	 8.320005e+00	 25.000000	 7.436075e+03	 7.444906e+03
rhino.jpg	 269	 657	 7.569388e+00	 11.000000	 7.445572e+03	 7.453653e+03
penguin.jpg	 690	 642	 2.425236e+00	 16.000000	 7.454319e+03	 7.457251e+03
zebra.jpg	 834	 710	 6.042784e+00	 28.000000	 7.457884e+03	 7.464432e+03
llama.jpg	 423	 561	 5.013937e+00	 3.000000	 7.465082e+03	 7.470613e+03
flamingo.jpg	 598	 555	 3.546947e+00	 5.000000	 7.471263e+03	 7.475328e+03
flamingo.jpg	 611	 566	 3.275598e+00	 5.000000	 7.475961e+03	 7.479744e+03
rhino.jpg	 933	 546	 6.873191e+00	 9.000000	 7.480376e+03	 7.487757e+03
brown_bear.jpg	 685	 739	 5.885564e+00	 26.000000	 7.488407e+03	 7.494805e+03
dolphin.jpg	 671	 831	 4.597721e+00	 36.000000	 7.495455e+03	 7.500570e+03
rhino.jpg	 676	 714	 2.176478e+00	 26.000000	 7.501219e+03	 7.503902e+03
llama.jpg	 689	 730	 3.932696e+00	 26.000000	 7.504534e+03	 7.508983e+03
horse.jpg	 844	 566	 5.489386e+00	 8.000000	 7.509633e+03	 7.515631e+03
rhino.jpg	 764	 836	 6.739836e+00	 37.000000	 7.516280e+03	 7.523528e+03
tortoise.jpg	 751	 830	 2.234516e+00	 37.000000	 7.524177e+03	 7.526927e+03
llama.jpg	 930	 637	 6.049997e+00	 19.000000	 7.527560e+03	 7.534125e+03
koala.jpg	 778	 647	 3.109723e+00	 17.000000	 7.534774e+03	 7.538390e+03
tortoise.jpg	 767	 812	 1.863451e+00	 37.000000	 7.539022e+03	 7.541405e+03
koala.jpg	 779	 646	 1.092849e+00	 17.000000	 7.542038e+03	 7.543638e+03
flamingo.jpg	 609	 554	 1.611306e+00	 5.000000	 7.544270e+03	 7.546387e+03
wolf.jpg	 843	 715	 5.134714e+00	 28.000000	 7.547019e+03	 7.552669e+03
rhino.jpg	 761	 643	 3.043127e+00	 17.000000	 7.553317e+03	 7.556866e+03
horse.jpg	 853	 551	 2.726181e+00	 8.000000	 7.557499e+03	 7.560732e+03
penguin.jpg	 691	 638	 2.616884e+00	 16.000000	 7.561364e+03	 7.564497e+03
brown_bear.jpg	 677	 712	 1.502729e+01	 26.000000	 7.565130e+03	 7.580675e+03
penguin.jpg	 693	 643	 1.615941e+00	 16.000000	 7.581374e+03	 7.583507e+03
llama.jpg	 520	 555	 4.642028e+00	 4.000000	 7.584140e+03	 7.589289e+03
zebra.jpg	 763	 655	 3.738239e+00	 17.000000	 7.589955e+03	 7.594203e+03
gorilla.jpg	 509	 808	 8.154062e+00	 34.000000	 7.594870e+03	 7.603533e+03
brown_bear.jpg	 908	 591	 5.461091e+00	 9.000000	 7.604200e+03	 7.610181e+03
seal.jpg	 347	 651	 4.582866e+00	 12.000000	 7.610830e+03	 7.615929e+03
koala.jpg	 749	 722	 7.078975e+00	 27.000000	 7.616578e+03	 7.624176e+03
zebra.jpg	 1017	 644	 6.024621e+00	 20.000000	 7.624825e+03	 7.631357e+03
mouse.jpg	 829	 714	 3.099925e+00	 28.000000	 7.632006e+03	 7.635622e+03
horse.jpg	 858	 551	 2.366278e+00	 8.000000	 7.636255e+03	 7.639137e+03
llama.jpg	 508	 714	 9.511799e+00	 24.000000	 7.639770e+03	 7.649800e+03
mouse.jpg	 861	 698	 2.647459e+00	 28.000000	 7.650466e+03	 7.653632e+03
camel.jpg	 1019	 646	 1.061260e+01	 20.000000	 7.654265e+03	 7.665395e+03
rabbit.jpg	 523	 651	 2.021148e+00	 14.000000	 7.666078e+03	 7.668610e+03
horse.jpg	 850	 549	 8.445682e+00	 8.000000	 7.669243e+03	 7.678207e+03
tortoise.jpg	 675	 805	 1.158418e+01	 36.000000	 7.678873e+03	 7.690969e+03
flamingo.jpg	 586	 572	 2.438254e+00	 5.000000	 7.691652e+03	 7.694601e+03
elephantafrican.jpg	 443	 537	 6.147312e+00	 3.000000	 7.695234e+03	 7.701899e+03
penguin.jpg	 679	 643	 2.259209e+00	 16.000000	 7.702548e+03	 7.705314e+03
skunk.jpg	 832	 837	 4.000127e+00	 38.000000	 7.705947e+03	 7.710463e+03
gorilla.jpg	 711	 728	 2.762296e+00	 26.000000	 7.711112e+03	 7.714394e+03
camel.jpg	 351	 571	 4.519796e+00	 2.000000	 7.715027e+03	 7.720059e+03
flamingo.jpg	 608	 557	 2.785435e+00	 5.000000	 7.720708e+03	 7.724008e+03
brown_bear.jpg	 676	 729	 8.995332e+00	 26.000000	 7.724640e+03	 7.734154e+03
rabbit.jpg	 512	 632	 2.213522e+00	 14.000000	 7.734820e+03	 7.737553e+03
pig.jpg	 758	 729	 6.242984e+00	 27.000000	 7.738185e+03	 7.744934e+03
zebra.jpg	 509	 813	 4.152414e+00	 34.000000	 7.745583e+03	 7.750248e+03
lion.jpg	 530	 825	 4.660086e+00	 34.000000	 7.750898e+03	 7.756063e+03
rabbit.jpg	 532	 642	 4.889098e+00	 14.000000	 7.756712e+03	 7.762111e+03
rabbit.jpg	 511	 643	 1.403836e+00	 14.000000	 7.762760e+03	 7.764677e+03
horse.jpg	 849	 558	 2.533931e+00	 8.000000	 7.765309e+03	 7.768359e+03
seal.jpg	 760	 656	 9.509551e+00	 17.000000	 7.768991e+03	 7.779005e+03
zebra.jpg	 592	 798	 5.162803e+00	 35.000000	 7.779671e+03	 7.785353e+03
lion.jpg	 517	 809	 2.038742e+00	 34.000000	 7.786002e+03	 7.788552e+03
koala.jpg	 239	 656	 8.220367e+00	 11.000000	 7.789184e+03	 7.797915e+03
elephantafrican.jpg	 1032	 726	 5.145815e+00	 30.000000	 7.798581e+03	 7.804246e+03
skunk.jpg	 513	 710	 3.902050e+00	 24.000000	 7.804895e+03	 7.809311e+03
rabbit.jpg	 515	 637	 1.489276e+00	 14.000000	 7.809960e+03	 7.811960e+03
penguin.jpg	 680	 630	 2.503706e+00	 16.000000	 7.812593e+03	 7.815609e+03
dolphin.jpg	 341	 792	 8.750789e+00	 32.000000	 7.816241e+03	 7.825505e+03
pig.jpg	 817	 815	 9.536899e+00	 38.000000	 7.826171e+03	 7.836218e+03
