skunk.jpg	 3.000000	 0.000000	 	 5.788404e+03	 5.790405e+03	 1.000000
rhino.jpg	 6.000000	 0.000000	 	 5.791031e+03	 5.793031e+03	 2.000000
horse.jpg	 6.000000	 0.000000	 	 5.793646e+03	 5.795647e+03	 3.000000
llama.jpg	 6.000000	 0.000000	 	 5.796262e+03	 5.798262e+03	 4.000000
horse.jpg	 6.000000	 1.000000	 9.370762e-01	 5.798878e+03	 5.800878e+03	 5.000000
rabbit.jpg	 6.000000	 0.000000	 	 5.801494e+03	 5.803494e+03	 6.000000
tortoise.jpg	 6.000000	 0.000000	 	 5.804109e+03	 5.806109e+03	 7.000000
flamingo.jpg	 6.000000	 0.000000	 	 5.806725e+03	 5.808725e+03	 8.000000
lion.jpg	 3.000000	 0.000000	 	 5.809341e+03	 5.811341e+03	 9.000000
skunk.jpg	 3.000000	 1.000000	 8.983603e-01	 5.811957e+03	 5.813957e+03	 10.000000
camel.jpg	 3.000000	 0.000000	 	 5.814572e+03	 5.816572e+03	 11.000000
cat.jpg	 1.000000	 0.000000	 	 5.817188e+03	 5.819188e+03	 12.000000
flamingo.jpg	 6.000000	 1.000000	 7.950274e-01	 5.819804e+03	 5.821804e+03	 13.000000
wolf.jpg	 3.000000	 0.000000	 	 5.822420e+03	 5.824420e+03	 14.000000
zebra.jpg	 6.000000	 0.000000	 	 5.825035e+03	 5.827035e+03	 15.000000
wolf.jpg	 3.000000	 1.000000	 8.032148e-01	 5.827651e+03	 5.829651e+03	 16.000000
flamingo.jpg	 6.000000	 1.000000	 9.393651e-01	 5.830267e+03	 5.832267e+03	 17.000000
tortoise.jpg	 6.000000	 1.000000	 7.556558e-01	 5.832883e+03	 5.834883e+03	 18.000000
brown_bear.jpg	 6.000000	 0.000000	 	 5.835498e+03	 5.837498e+03	 19.000000
zebra.jpg	 6.000000	 1.000000	 8.520117e-01	 5.838114e+03	 5.840114e+03	 20.000000
elephantafrican.jpg	 3.000000	 0.000000	 	 5.840730e+03	 5.842730e+03	 21.000000
penguin.jpg	 6.000000	 0.000000	 	 5.843346e+03	 5.845346e+03	 22.000000
seal.jpg	 3.000000	 0.000000	 	 5.845961e+03	 5.847961e+03	 23.000000
zebra.jpg	 6.000000	 1.000000	 6.608375e-01	 5.848577e+03	 5.850577e+03	 24.000000
moose.jpg	 1.000000	 0.000000	 	 5.851193e+03	 5.853193e+03	 25.000000
koala.jpg	 6.000000	 0.000000	 	 5.853808e+03	 5.855809e+03	 26.000000
penguin.jpg	 6.000000	 1.000000	 7.975732e-01	 5.856424e+03	 5.858425e+03	 27.000000
rhino.jpg	 6.000000	 0.000000	 	 5.859040e+03	 5.861040e+03	 28.000000
panda.jpg	 1.000000	 0.000000	 	 5.861672e+03	 5.863672e+03	 29.000000
llama.jpg	 6.000000	 0.000000	 	 5.864288e+03	 5.866288e+03	 30.000000
mouse.jpg	 3.000000	 0.000000	 	 5.866904e+03	 5.868904e+03	 31.000000
horse.jpg	 6.000000	 1.000000	 5.979637e-01	 5.869520e+03	 5.871520e+03	 32.000000
koala.jpg	 6.000000	 0.000000	 	 5.872135e+03	 5.874135e+03	 33.000000
gorilla.jpg	 3.000000	 0.000000	 	 5.874751e+03	 5.876751e+03	 34.000000
gorilla.jpg	 3.000000	 0.000000	 	 5.877367e+03	 5.879367e+03	 35.000000
rabbit.jpg	 6.000000	 1.000000	 7.107447e-01	 5.879983e+03	 5.881983e+03	 36.000000
camel.jpg	 3.000000	 0.000000	 	 5.882598e+03	 5.884598e+03	 37.000000
elephantafrican.jpg	 3.000000	 1.000000	 6.634699e-01	 5.885214e+03	 5.887214e+03	 38.000000
llama.jpg	 6.000000	 1.000000	 7.995048e-01	 5.887830e+03	 5.889830e+03	 39.000000
hippo.jpg	 1.000000	 0.000000	 	 5.890446e+03	 5.892446e+03	 40.000000
seal.jpg	 3.000000	 1.000000	 9.758822e-01	 5.893061e+03	 5.895062e+03	 41.000000
koala.jpg	 6.000000	 1.000000	 7.605608e-01	 5.895677e+03	 5.897677e+03	 42.000000
tortoise.jpg	 6.000000	 1.000000	 8.002817e-01	 5.898293e+03	 5.900293e+03	 43.000000
duck.jpg	 1.000000	 0.000000	 	 5.900908e+03	 5.902908e+03	 44.000000
penguin.jpg	 6.000000	 1.000000	 7.208728e-01	 5.903524e+03	 5.905525e+03	 45.000000
zebra.jpg	 6.000000	 1.000000	 6.651262e-01	 5.906140e+03	 5.908140e+03	 46.000000
pig.jpg	 3.000000	 0.000000	 	 5.908756e+03	 5.910756e+03	 47.000000
koala.jpg	 6.000000	 1.000000	 5.853064e-01	 5.911372e+03	 5.913372e+03	 48.000000
skunk.jpg	 3.000000	 0.000000	 	 5.913987e+03	 5.915987e+03	 49.000000
tortoise.jpg	 6.000000	 1.000000	 5.857950e-01	 5.916603e+03	 5.918603e+03	 50.000000
elephantafrican.jpg	 3.000000	 1.000000	 5.460884e-01	 5.919219e+03	 5.921219e+03	 51.000000
dolphin.jpg	 3.000000	 0.000000	 	 5.921834e+03	 5.923834e+03	 52.000000
penguin.jpg	 6.000000	 1.000000	 5.624699e-01	 5.924450e+03	 5.926450e+03	 53.000000
llama.jpg	 6.000000	 1.000000	 1.002681e+00	 5.927066e+03	 5.929066e+03	 54.000000
horse.jpg	 6.000000	 1.000000	 5.472096e-01	 5.929682e+03	 5.931682e+03	 55.000000
mouse.jpg	 3.000000	 1.000000	 9.235639e-01	 5.932297e+03	 5.934298e+03	 56.000000
dolphin.jpg	 3.000000	 1.000000	 6.272546e-01	 5.934913e+03	 5.936913e+03	 57.000000
ram.jpg	 1.000000	 0.000000	 	 5.937529e+03	 5.939529e+03	 58.000000
penguin.jpg	 6.000000	 1.000000	 4.996218e-01	 5.940145e+03	 5.942145e+03	 59.000000
kangaroo.jpg	 1.000000	 0.000000	 	 5.942760e+03	 5.944760e+03	 60.000000
tortoise.jpg	 6.000000	 1.000000	 5.641204e-01	 5.945376e+03	 5.947376e+03	 61.000000
brown_bear.jpg	 6.000000	 0.000000	 	 5.947992e+03	 5.949992e+03	 62.000000
koala.jpg	 6.000000	 1.000000	 5.485727e-01	 5.950608e+03	 5.952608e+03	 63.000000
camel.jpg	 3.000000	 1.000000	 7.167843e-01	 5.953223e+03	 5.955224e+03	 64.000000
rhino.jpg	 6.000000	 1.000000	 6.293645e-01	 5.955839e+03	 5.957839e+03	 65.000000
brown_bear.jpg	 6.000000	 1.000000	 8.131902e-01	 5.958455e+03	 5.960455e+03	 66.000000
koala.jpg	 6.000000	 1.000000	 7.413467e-01	 5.961070e+03	 5.963071e+03	 67.000000
rabbit.jpg	 6.000000	 0.000000	 	 5.963686e+03	 5.965686e+03	 68.000000
rabbit.jpg	 6.000000	 1.000000	 6.777441e-01	 5.966302e+03	 5.968302e+03	 69.000000
brown_bear.jpg	 6.000000	 1.000000	 6.219859e-01	 5.968918e+03	 5.970918e+03	 70.000000
horse.jpg	 6.000000	 1.000000	 6.942519e-01	 5.971533e+03	 5.973534e+03	 71.000000
flamingo.jpg	 6.000000	 1.000000	 9.424604e-01	 5.974149e+03	 5.976149e+03	 72.000000
rabbit.jpg	 6.000000	 1.000000	 6.466670e-01	 5.976765e+03	 5.978765e+03	 73.000000
macaw.jpg	 1.000000	 0.000000	 	 5.979381e+03	 5.981381e+03	 74.000000
flamingo.jpg	 6.000000	 1.000000	 6.311619e-01	 5.981996e+03	 5.983997e+03	 75.000000
zebra.jpg	 6.000000	 1.000000	 1.087461e+00	 5.984612e+03	 5.986612e+03	 76.000000
leopard.jpg	 1.000000	 0.000000	 	 5.987228e+03	 5.989228e+03	 77.000000
rhino.jpg	 6.000000	 1.000000	 9.916699e-01	 5.989844e+03	 5.991844e+03	 78.000000
rhino.jpg	 6.000000	 1.000000	 7.280417e-01	 5.992459e+03	 5.994460e+03	 79.000000
seal.jpg	 3.000000	 1.000000	 8.001515e-01	 5.995075e+03	 5.997075e+03	 80.000000
zebra.jpg	 6.000000	 1.000000	 8.723643e-01	 5.997691e+03	 5.999691e+03	 81.000000
mouse.jpg	 3.000000	 1.000000	 1.216624e+00	 6.000307e+03	 6.002307e+03	 82.000000
pig.jpg	 3.000000	 1.000000	 9.209588e-01	 6.002922e+03	 6.004923e+03	 83.000000
tortoise.jpg	 6.000000	 1.000000	 5.291732e-01	 6.005538e+03	 6.007538e+03	 84.000000
flamingo.jpg	 6.000000	 1.000000	 6.491891e-01	 6.008154e+03	 6.010154e+03	 85.000000
rabbit.jpg	 6.000000	 1.000000	 1.025470e+00	 6.010769e+03	 6.012770e+03	 86.000000
brown_bear.jpg	 6.000000	 1.000000	 6.975853e-01	 6.013385e+03	 6.015386e+03	 87.000000
dolphin.jpg	 3.000000	 1.000000	 8.017657e-01	 6.016001e+03	 6.018001e+03	 88.000000
llama.jpg	 6.000000	 1.000000	 8.420542e-01	 6.018617e+03	 6.020617e+03	 89.000000
brown_bear.jpg	 6.000000	 1.000000	 8.022729e-01	 6.021232e+03	 6.023233e+03	 90.000000
horse.jpg	 6.000000	 1.000000	 7.305400e-01	 6.023848e+03	 6.025848e+03	 91.000000
penguin.jpg	 6.000000	 1.000000	 6.905637e-01	 6.026464e+03	 6.028464e+03	 92.000000
pig.jpg	 3.000000	 1.000000	 7.788856e-01	 6.029080e+03	 6.031080e+03	 93.000000
lion.jpg	 3.000000	 1.000000	 1.187255e+00	 6.031695e+03	 6.033696e+03	 94.000000
llama.jpg	 6.000000	 1.000000	 7.313597e-01	 6.034311e+03	 6.036311e+03	 95.000000
gorilla.jpg	 3.000000	 1.000000	 8.998055e-01	 6.036927e+03	 6.038927e+03	 96.000000
lion.jpg	 3.000000	 1.000000	 6.996355e-01	 6.039543e+03	 6.041543e+03	 97.000000
rhino.jpg	 6.000000	 1.000000	 8.040187e-01	 6.042158e+03	 6.044159e+03	 98.000000
cow.jpg	 1.000000	 0.000000	 	 6.044774e+03	 6.046774e+03	 99.000000
wolf.jpg	 3.000000	 1.000000	 7.563327e-01	 6.047390e+03	 6.049390e+03	 100.000000
