camel.jpg	 836	 539	 2.473842e+01	 8.000000	 1.072526e+05	 1.072778e+05
tortoise.jpg	 901	 771	 3.255088e+00	 39.000000	 1.072786e+05	 1.072823e+05
cat.jpg	 680	 638	 3.359272e+01	 16.000000	 1.072830e+05	 1.073171e+05
seal.jpg	 749	 704	 1.336087e+01	 27.000000	 1.073179e+05	 1.073317e+05
duck.jpg	 499	 643	 9.421097e+00	 14.000000	 1.073324e+05	 1.073423e+05
leopard.jpg	 465	 612	 3.903950e+00	 13.000000	 1.073430e+05	 1.073474e+05
moose.jpg	 775	 551	 7.978196e-01	 7.000000	 1.073481e+05	 1.073494e+05
zebra.jpg	 494	 561	 1.989414e+00	 4.000000	 1.073500e+05	 1.073525e+05
hippo.jpg	 925	 554	 1.354085e+00	 9.000000	 1.073532e+05	 1.073550e+05
pig.jpg	 343	 804	 1.467051e+00	 32.000000	 1.073557e+05	 1.073576e+05
elephantafrican.jpg	 825	 816	 2.956214e+00	 38.000000	 1.073583e+05	 1.073617e+05
koala.jpg	 754	 556	 2.635634e+00	 7.000000	 1.073624e+05	 1.073655e+05
kangaroo.jpg	 928	 560	 1.186494e+00	 9.000000	 1.073662e+05	 1.073679e+05
rhino.jpg	 824	 761	 5.326269e+00	 28.000000	 1.073685e+05	 1.073743e+05
gorilla.jpg	 841	 774	 1.304071e+01	 38.000000	 1.073750e+05	 1.073885e+05
ram.jpg	 519	 572	 1.874284e+00	 4.000000	 1.073892e+05	 1.073916e+05
cow.jpg	 512	 646	 3.064574e+00	 14.000000	 1.073922e+05	 1.073958e+05
brown_bear.jpg	 920	 642	 1.070308e+00	 19.000000	 1.073964e+05	 1.073980e+05
panda.jpg	 378	 809	 1.529303e+00	 32.000000	 1.073986e+05	 1.074007e+05
flamingo.jpg	 285	 595	 2.130411e+00	 	 1.074013e+05	 1.074040e+05
penguin.jpg	 429	 570	 1.023411e+00	 3.000000	 1.074046e+05	 1.074061e+05
dolphin.jpg	 596	 796	 1.359647e+00	 35.000000	 1.074068e+05	 1.074086e+05
horse.jpg	 851	 535	 1.734333e+00	 8.000000	 1.074093e+05	 1.074115e+05
mouse.jpg	 396	 804	 2.066852e+00	 33.000000	 1.074121e+05	 1.074147e+05
llama.jpg	 579	 791	 9.223402e-01	 35.000000	 1.074154e+05	 1.074168e+05
wolf.jpg	 610	 637	 1.110504e+00	 15.000000	 1.074174e+05	 1.074190e+05
rabbit.jpg	 257	 626	 2.013081e+00	 11.000000	 1.074197e+05	 1.074222e+05
skunk.jpg	 412	 788	 1.251653e+00	 33.000000	 1.074228e+05	 1.074246e+05
macaw.jpg	 551	 559	 1.537459e+00	 4.000000	 1.074252e+05	 1.074273e+05
lion.jpg	 519	 678	 7.449580e-01	 14.000000	 1.074279e+05	 1.074292e+05
zebra.jpg	 792	 649	 8.702508e-01	 17.000000	 1.074298e+05	 1.074312e+05
dolphin.jpg	 927	 558	 2.577319e+00	 9.000000	 1.074318e+05	 1.074349e+05
elephantafrican.jpg	 507	 565	 4.809804e+00	 4.000000	 1.074355e+05	 1.074408e+05
llama.jpg	 831	 632	 7.412509e-01	 18.000000	 1.074415e+05	 1.074427e+05
brown_bear.jpg	 314	 717	 1.948511e+00	 22.000000	 1.074434e+05	 1.074458e+05
pig.jpg	 1002	 563	 9.655490e-01	 10.000000	 1.074465e+05	 1.074480e+05
penguin.jpg	 808	 639	 8.054822e-01	 17.000000	 1.074486e+05	 1.074499e+05
pig.jpg	 480	 819	 2.832522e-01	 34.000000	 1.074505e+05	 1.074513e+05
koala.jpg	 599	 726	 1.651886e+00	 25.000000	 1.074520e+05	 1.074541e+05
rabbit.jpg	 685	 571	 5.530111e-01	 6.000000	 1.074548e+05	 1.074558e+05
camel.jpg	 858	 570	 9.595363e-01	 8.000000	 1.074565e+05	 1.074579e+05
brown_bear.jpg	 756	 621	 3.931188e-01	 17.000000	 1.074586e+05	 1.074595e+05
rhino.jpg	 494	 657	 1.081012e+00	 14.000000	 1.074601e+05	 1.074617e+05
rabbit.jpg	 316	 650	 5.844691e-01	 12.000000	 1.074623e+05	 1.074634e+05
llama.jpg	 817	 797	 1.733355e+00	 38.000000	 1.074640e+05	 1.074663e+05
zebra.jpg	 974	 805	 1.116943e+00	 39.000000	 1.074669e+05	 1.074685e+05
flamingo.jpg	 997	 789	 7.800568e-01	 40.000000	 1.074692e+05	 1.074705e+05
seal.jpg	 950	 724	 5.444474e-01	 29.000000	 1.074711e+05	 1.074721e+05
tortoise.jpg	 843	 569	 3.374258e-01	 8.000000	 1.074728e+05	 1.074736e+05
wolf.jpg	 579	 656	 1.030126e+00	 15.000000	 1.074742e+05	 1.074758e+05
seal.jpg	 515	 734	 3.145578e-01	 24.000000	 1.074764e+05	 1.074772e+05
horse.jpg	 598	 703	 1.169504e-01	 25.000000	 1.074779e+05	 1.074785e+05
flamingo.jpg	 233	 539	 8.714114e-01	 1.000000	 1.074791e+05	 1.074805e+05
zebra.jpg	 332	 569	 3.424351e-01	 2.000000	 1.074811e+05	 1.074820e+05
llama.jpg	 407	 556	 3.133443e-01	 3.000000	 1.074826e+05	 1.074834e+05
tortoise.jpg	 490	 547	 3.377723e-01	 4.000000	 1.074840e+05	 1.074849e+05
rabbit.jpg	 576	 557	 3.556558e-01	 5.000000	 1.074855e+05	 1.074864e+05
tortoise.jpg	 666	 549	 4.767291e-01	 6.000000	 1.074870e+05	 1.074880e+05
llama.jpg	 779	 552	 9.232115e-01	 7.000000	 1.074886e+05	 1.074900e+05
zebra.jpg	 855	 555	 3.632452e-01	 8.000000	 1.074907e+05	 1.074915e+05
penguin.jpg	 932	 536	 3.508512e-01	 9.000000	 1.074922e+05	 1.074930e+05
horse.jpg	 1006	 524	 9.770017e-01	 10.000000	 1.074936e+05	 1.074951e+05
brown_bear.jpg	 235	 671	 5.510552e-01	 11.000000	 1.074958e+05	 1.074968e+05
lion.jpg	 340	 650	 8.577673e-01	 12.000000	 1.074974e+05	 1.074988e+05
wolf.jpg	 595	 646	 1.285204e+00	 15.000000	 1.074994e+05	 1.075012e+05
camel.jpg	 449	 646	 1.713395e+00	 13.000000	 1.075019e+05	 1.075041e+05
mouse.jpg	 588	 801	 4.337853e-01	 35.000000	 1.075047e+05	 1.075057e+05
rhino.jpg	 844	 652	 8.727103e-01	 18.000000	 1.075063e+05	 1.075077e+05
horse.jpg	 807	 634	 2.298664e+00	 17.000000	 1.075083e+05	 1.075111e+05
elephantafrican.jpg	 756	 634	 1.603985e-03	 17.000000	 1.075118e+05	 1.075123e+05
rhino.jpg	 690	 718	 1.433963e-03	 26.000000	 1.075129e+05	 1.075134e+05
lion.jpg	 664	 711	 2.861211e-01	 26.000000	 1.075141e+05	 1.075149e+05
horse.jpg	 517	 793	 1.096871e+00	 34.000000	 1.075155e+05	 1.075171e+05
tortoise.jpg	 640	 705	 8.118490e-01	 	 1.075177e+05	 1.075190e+05
gorilla.jpg	 844	 556	 1.367816e+00	 8.000000	 1.075197e+05	 1.075215e+05
koala.jpg	 606	 569	 8.795459e-01	 5.000000	 1.075222e+05	 1.075236e+05
penguin.jpg	 376	 657	 5.932634e-01	 12.000000	 1.075242e+05	 1.075253e+05
flamingo.jpg	 436	 712	 2.222745e-01	 23.000000	 1.075259e+05	 1.075266e+05
rabbit.jpg	 809	 544	 4.696953e-01	 7.000000	 1.075272e+05	 1.075282e+05
tortoise.jpg	 915	 550	 4.044615e-01	 9.000000	 1.075289e+05	 1.075298e+05
koala.jpg	 497	 826	 4.579255e-01	 34.000000	 1.075304e+05	 1.075314e+05
penguin.jpg	 719	 636	 4.682542e-01	 16.000000	 1.075320e+05	 1.075330e+05
flamingo.jpg	 998	 745	 1.445726e+00	 30.000000	 1.075336e+05	 1.075355e+05
koala.jpg	 983	 577	 5.192603e-01	 10.000000	 1.075362e+05	 1.075372e+05
dolphin.jpg	 365	 548	 1.609838e+00	 2.000000	 1.075378e+05	 1.075399e+05
skunk.jpg	 229	 710	 4.247417e-01	 21.000000	 1.075406e+05	 1.075415e+05
brown_bear.jpg	 272	 658	 4.964404e-01	 11.000000	 1.075421e+05	 1.075431e+05
rhino.jpg	 515	 783	 5.451984e-01	 34.000000	 1.075437e+05	 1.075448e+05
llama.jpg	 798	 560	 3.930812e-01	 7.000000	 1.075454e+05	 1.075463e+05
mouse.jpg	 744	 681	 4.449105e-01	 27.000000	 1.075469e+05	 1.075479e+05
flamingo.jpg	 589	 548	 4.510387e-01	 5.000000	 1.075485e+05	 1.075495e+05
brown_bear.jpg	 407	 736	 4.389369e-01	 23.000000	 1.075501e+05	 1.075510e+05
skunk.jpg	 594	 800	 7.358965e-01	 35.000000	 1.075516e+05	 1.075529e+05
rhino.jpg	 930	 539	 4.030853e-01	 9.000000	 1.075535e+05	 1.075544e+05
gorilla.jpg	 908	 614	 5.016553e-01	 19.000000	 1.075551e+05	 1.075561e+05
zebra.jpg	 840	 622	 4.421504e-01	 18.000000	 1.075567e+05	 1.075577e+05
koala.jpg	 927	 818	 6.430517e-01	 39.000000	 1.075583e+05	 1.075594e+05
horse.jpg	 770	 819	 8.682974e-01	 37.000000	 1.075601e+05	 1.075615e+05
rabbit.jpg	 768	 819	 6.982814e-01	 37.000000	 1.075621e+05	 1.075633e+05
penguin.jpg	 667	 543	 3.385935e-01	 6.000000	 1.075639e+05	 1.075648e+05
