gorilla.jpg	 679	 721	 5.918974e+00	 26.000000	 7.358146e+03	 7.364578e+03
leopard.jpg	 266	 788	 1.037510e+01	 31.000000	 7.365227e+03	 7.376106e+03
mouse.jpg	 836	 627	 4.691584e+00	 18.000000	 7.376772e+03	 7.381971e+03
brown_bear.jpg	 768	 554	 4.008519e+00	 7.000000	 7.382620e+03	 7.387136e+03
moose.jpg	 684	 793	 8.253580e+00	 36.000000	 7.387785e+03	 7.396549e+03
rabbit.jpg	 856	 556	 7.911445e+00	 8.000000	 7.397215e+03	 7.405646e+03
dolphin.jpg	 269	 547	 5.074420e+00	 1.000000	 7.406312e+03	 7.411894e+03
wolf.jpg	 681	 545	 9.195526e+00	 6.000000	 7.412543e+03	 7.422257e+03
llama.jpg	 598	 796	 6.257405e+00	 35.000000	 7.422923e+03	 7.429688e+03
macaw.jpg	 841	 715	 2.279282e+00	 28.000000	 7.430337e+03	 7.433136e+03
cat.jpg	 433	 642	 2.213190e+00	 13.000000	 7.433769e+03	 7.436502e+03
horse.jpg	 523	 557	 4.393698e+00	 4.000000	 7.437135e+03	 7.442033e+03
flamingo.jpg	 351	 720	 7.177452e+00	 22.000000	 7.442683e+03	 7.450380e+03
cow.jpg	 590	 715	 8.382518e+00	 25.000000	 7.451046e+03	 7.459944e+03
tortoise.jpg	 945	 546	 1.818486e+00	 9.000000	 7.460610e+03	 7.462943e+03
duck.jpg	 594	 559	 6.747914e+00	 5.000000	 7.463575e+03	 7.470840e+03
panda.jpg	 266	 649	 3.995427e+00	 11.000000	 7.471489e+03	 7.476005e+03
pig.jpg	 931	 638	 7.299467e+00	 19.000000	 7.476654e+03	 7.484468e+03
elephantafrican.jpg	 606	 552	 5.971617e+00	 5.000000	 7.485118e+03	 7.491599e+03
seal.jpg	 768	 556	 7.554966e+00	 7.000000	 7.492248e+03	 7.500313e+03
skunk.jpg	 1021	 550	 5.659017e+00	 10.000000	 7.500979e+03	 7.507144e+03
zebra.jpg	 599	 717	 1.122078e+01	 25.000000	 7.507793e+03	 7.519523e+03
lion.jpg	 677	 556	 3.669552e+00	 6.000000	 7.520205e+03	 7.524388e+03
hippo.jpg	 674	 639	 4.895534e+00	 16.000000	 7.525020e+03	 7.530436e+03
penguin.jpg	 925	 640	 1.595823e+00	 19.000000	 7.531085e+03	 7.533185e+03
camel.jpg	 759	 715	 1.211023e+01	 27.000000	 7.533817e+03	 7.546446e+03
rhino.jpg	 691	 635	 2.545594e+00	 16.000000	 7.547129e+03	 7.550179e+03
ram.jpg	 930	 557	 3.561398e+00	 9.000000	 7.550811e+03	 7.554877e+03
kangaroo.jpg	 269	 723	 6.478720e+00	 21.000000	 7.555509e+03	 7.562508e+03
koala.jpg	 773	 711	 6.688358e+00	 27.000000	 7.563157e+03	 7.570355e+03
rabbit.jpg	 592	 719	 1.118402e+01	 25.000000	 7.571004e+03	 7.582701e+03
koala.jpg	 773	 711	 2.666680e+00	 27.000000	 7.583383e+03	 7.586566e+03
tortoise.jpg	 934	 558	 4.087289e+00	 9.000000	 7.587198e+03	 7.591797e+03
rhino.jpg	 683	 647	 2.660067e+00	 16.000000	 7.592447e+03	 7.595613e+03
koala.jpg	 944	 553	 1.926414e+00	 9.000000	 7.596245e+03	 7.598678e+03
wolf.jpg	 527	 561	 4.718630e+00	 4.000000	 7.599311e+03	 7.604543e+03
penguin.jpg	 935	 629	 2.781463e+00	 19.000000	 7.605192e+03	 7.608491e+03
flamingo.jpg	 367	 711	 8.199610e+00	 22.000000	 7.609124e+03	 7.617838e+03
tortoise.jpg	 687	 640	 2.081140e+00	 16.000000	 7.618504e+03	 7.621104e+03
dolphin.jpg	 268	 562	 3.401830e+00	 1.000000	 7.621736e+03	 7.625652e+03
tortoise.jpg	 683	 637	 1.650539e+00	 16.000000	 7.626285e+03	 7.628451e+03
lion.jpg	 516	 552	 3.595338e+00	 4.000000	 7.629084e+03	 7.633199e+03
flamingo.jpg	 342	 720	 2.788826e+00	 22.000000	 7.633832e+03	 7.637132e+03
penguin.jpg	 691	 637	 1.926817e+00	 16.000000	 7.637764e+03	 7.640197e+03
zebra.jpg	 598	 710	 7.384203e+00	 25.000000	 7.640830e+03	 7.648727e+03
rabbit.jpg	 279	 802	 4.050492e+00	 31.000000	 7.649393e+03	 7.653959e+03
pig.jpg	 601	 801	 6.897836e+00	 35.000000	 7.654608e+03	 7.662023e+03
flamingo.jpg	 349	 719	 2.064667e+00	 22.000000	 7.662672e+03	 7.665255e+03
lion.jpg	 528	 566	 4.365996e+00	 4.000000	 7.665887e+03	 7.670770e+03
rabbit.jpg	 271	 811	 1.871943e+00	 31.000000	 7.671419e+03	 7.673802e+03
zebra.jpg	 514	 567	 4.533939e+00	 4.000000	 7.674434e+03	 7.679483e+03
koala.jpg	 934	 557	 7.872673e+00	 9.000000	 7.680133e+03	 7.688513e+03
brown_bear.jpg	 685	 737	 4.085906e+00	 26.000000	 7.689179e+03	 7.693778e+03
llama.jpg	 595	 724	 3.283628e+00	 25.000000	 7.694427e+03	 7.698226e+03
elephantafrican.jpg	 682	 809	 1.877703e+01	 36.000000	 7.698876e+03	 7.718170e+03
llama.jpg	 609	 719	 8.428490e+00	 25.000000	 7.718885e+03	 7.727833e+03
gorilla.jpg	 356	 553	 7.998772e+00	 2.000000	 7.728499e+03	 7.737013e+03
skunk.jpg	 839	 562	 6.394620e+00	 8.000000	 7.737679e+03	 7.744593e+03
horse.jpg	 243	 816	 5.190437e+00	 31.000000	 7.745243e+03	 7.750941e+03
pig.jpg	 752	 722	 8.048515e+00	 27.000000	 7.751591e+03	 7.760155e+03
rhino.jpg	 905	 560	 2.593400e+00	 9.000000	 7.760821e+03	 7.763920e+03
llama.jpg	 602	 726	 4.271243e+00	 25.000000	 7.764553e+03	 7.769335e+03
mouse.jpg	 854	 640	 5.500758e+00	 18.000000	 7.769984e+03	 7.775999e+03
llama.jpg	 610	 720	 1.275835e+00	 25.000000	 7.776648e+03	 7.778432e+03
penguin.jpg	 944	 625	 1.504461e+00	 19.000000	 7.779064e+03	 7.781081e+03
camel.jpg	 591	 808	 3.331524e+00	 35.000000	 7.781713e+03	 7.785562e+03
rhino.jpg	 920	 545	 1.824565e+00	 9.000000	 7.786195e+03	 7.788528e+03
skunk.jpg	 596	 583	 3.381861e+00	 5.000000	 7.789161e+03	 7.793060e+03
rhino.jpg	 931	 538	 1.470159e+00	 9.000000	 7.793692e+03	 7.795675e+03
rabbit.jpg	 270	 822	 6.760053e+00	 31.000000	 7.796308e+03	 7.803573e+03
zebra.jpg	 274	 631	 7.451128e+00	 11.000000	 7.804222e+03	 7.812186e+03
wolf.jpg	 678	 554	 4.918815e+00	 6.000000	 7.812852e+03	 7.818284e+03
horse.jpg	 267	 800	 3.630518e+00	 31.000000	 7.818934e+03	 7.823083e+03
penguin.jpg	 932	 641	 1.512327e+00	 19.000000	 7.823732e+03	 7.825748e+03
llama.jpg	 586	 726	 4.487073e+00	 25.000000	 7.826381e+03	 7.831380e+03
zebra.jpg	 606	 565	 1.364676e+01	 5.000000	 7.832029e+03	 7.846191e+03
flamingo.jpg	 329	 721	 7.338911e+00	 22.000000	 7.846874e+03	 7.854721e+03
flamingo.jpg	 332	 727	 1.059832e+00	 22.000000	 7.855371e+03	 7.856937e+03
dolphin.jpg	 245	 559	 1.185816e+00	 1.000000	 7.857570e+03	 7.859270e+03
horse.jpg	 270	 798	 4.011959e+00	 31.000000	 7.859902e+03	 7.864435e+03
seal.jpg	 1006	 556	 9.611991e+00	 10.000000	 7.865067e+03	 7.875198e+03
penguin.jpg	 928	 635	 1.396950e+00	 19.000000	 7.875863e+03	 7.877780e+03
koala.jpg	 270	 650	 2.508587e+00	 11.000000	 7.878413e+03	 7.881429e+03
camel.jpg	 600	 715	 4.455903e+00	 25.000000	 7.882061e+03	 7.887027e+03
brown_bear.jpg	 680	 721	 1.466013e+00	 26.000000	 7.887676e+03	 7.889659e+03
seal.jpg	 1026	 547	 3.149126e+00	 10.000000	 7.890292e+03	 7.893958e+03
tortoise.jpg	 679	 641	 1.756707e+00	 16.000000	 7.894590e+03	 7.896857e+03
rhino.jpg	 926	 566	 1.360642e+00	 9.000000	 7.897489e+03	 7.899356e+03
rabbit.jpg	 259	 816	 1.601395e+00	 31.000000	 7.899988e+03	 7.902105e+03
brown_bear.jpg	 685	 703	 2.733490e+00	 26.000000	 7.902737e+03	 7.905987e+03
zebra.jpg	 520	 562	 9.441239e+00	 4.000000	 7.906619e+03	 7.916566e+03
brown_bear.jpg	 669	 709	 1.161265e+00	 26.000000	 7.917232e+03	 7.918899e+03
koala.jpg	 260	 818	 1.113698e+01	 31.000000	 7.919531e+03	 7.931178e+03
horse.jpg	 267	 819	 4.927869e+00	 31.000000	 7.931860e+03	 7.937292e+03
mouse.jpg	 867	 614	 2.061528e+00	 18.000000	 7.937942e+03	 7.940508e+03
horse.jpg	 242	 800	 1.597696e+00	 31.000000	 7.941141e+03	 7.943257e+03
brown_bear.jpg	 680	 709	 1.071806e+00	 26.000000	 7.943890e+03	 7.945473e+03
gorilla.jpg	 524	 551	 2.273708e+00	 4.000000	 7.946105e+03	 7.948888e+03
tortoise.jpg	 693	 650	 2.004495e+00	 16.000000	 7.949521e+03	 7.952037e+03
elephantafrican.jpg	 758	 561	 1.036010e+01	 7.000000	 7.952670e+03	 7.963550e+03
