llama.jpg	 753	 822	 8.371952e+00	 37.000000	 8.277255e+04	 8.278144e+04
cat.jpg	 591	 821	 1.185119e+01	 35.000000	 8.278216e+04	 8.279452e+04
macaw.jpg	 586	 799	 1.847934e+01	 35.000000	 8.279530e+04	 8.281430e+04
brown_bear.jpg	 407	 582	 3.691826e+00	 3.000000	 8.281520e+04	 8.281940e+04
koala.jpg	 841	 565	 3.990266e+00	 8.000000	 8.282005e+04	 8.282456e+04
penguin.jpg	 1027	 805	 8.196410e+00	 40.000000	 8.282520e+04	 8.283391e+04
flamingo.jpg	 761	 556	 3.477017e+00	 7.000000	 8.283463e+04	 8.283861e+04
lion.jpg	 462	 797	 2.060181e+00	 33.000000	 8.283926e+04	 8.284183e+04
mouse.jpg	 580	 801	 6.164642e+00	 35.000000	 8.284245e+04	 8.284912e+04
rhino.jpg	 596	 646	 3.092384e+00	 15.000000	 8.284980e+04	 8.285341e+04
pig.jpg	 923	 564	 6.443257e+00	 9.000000	 8.285404e+04	 8.286100e+04
tortoise.jpg	 255	 752	 3.530504e+00	 21.000000	 8.286168e+04	 8.286572e+04
zebra.jpg	 351	 649	 4.447173e+00	 12.000000	 8.286635e+04	 8.287130e+04
cow.jpg	 259	 563	 2.511604e+00	 1.000000	 8.287195e+04	 8.287497e+04
panda.jpg	 344	 729	 3.704238e+00	 22.000000	 8.287561e+04	 8.287982e+04
moose.jpg	 1037	 640	 2.452400e+00	 20.000000	 8.288048e+04	 8.288344e+04
seal.jpg	 972	 580	 1.176774e+00	 9.000000	 8.288406e+04	 8.288575e+04
horse.jpg	 930	 584	 1.389710e+00	 9.000000	 8.288635e+04	 8.288825e+04
skunk.jpg	 669	 743	 2.560689e+00	 26.000000	 8.288885e+04	 8.289192e+04
rabbit.jpg	 924	 558	 2.910204e+00	 9.000000	 8.289253e+04	 8.289595e+04
gorilla.jpg	 427	 724	 4.552002e+00	 23.000000	 8.289659e+04	 8.290166e+04
dolphin.jpg	 769	 638	 2.514384e+00	 17.000000	 8.290232e+04	 8.290534e+04
duck.jpg	 759	 824	 7.636091e+00	 37.000000	 8.290596e+04	 8.291410e+04
camel.jpg	 915	 641	 4.363375e+00	 19.000000	 8.291481e+04	 8.291968e+04
ram.jpg	 1015	 724	 2.352848e+00	 30.000000	 8.292035e+04	 8.292322e+04
kangaroo.jpg	 414	 567	 1.686050e+00	 3.000000	 8.292384e+04	 8.292604e+04
wolf.jpg	 568	 788	 2.612404e+01	 35.000000	 8.292666e+04	 8.295329e+04
leopard.jpg	 684	 654	 1.574900e+00	 16.000000	 8.295434e+04	 8.295643e+04
hippo.jpg	 592	 553	 2.832236e+00	 5.000000	 8.295703e+04	 8.296036e+04
elephantafrican.jpg	 1014	 560	 3.556609e+00	 10.000000	 8.296100e+04	 8.296506e+04
wolf.jpg	 593	 810	 8.081111e+00	 35.000000	 8.296572e+04	 8.297430e+04
hippo.jpg	 1020	 565	 2.492420e+00	 10.000000	 8.297502e+04	 8.297802e+04
dolphin.jpg	 747	 655	 2.042922e+00	 17.000000	 8.297864e+04	 8.298119e+04
lion.jpg	 422	 806	 2.234908e+00	 33.000000	 8.298181e+04	 8.298456e+04
elephantafrican.jpg	 600	 649	 2.406801e+00	 15.000000	 8.298518e+04	 8.298810e+04
duck.jpg	 851	 744	 4.311324e+00	 28.000000	 8.298871e+04	 8.299353e+04
camel.jpg	 247	 656	 2.817464e+00	 11.000000	 8.299418e+04	 8.299752e+04
gorilla.jpg	 424	 701	 1.764228e+00	 23.000000	 8.299815e+04	 8.300042e+04
lion.jpg	 453	 820	 1.546462e+00	 33.000000	 8.300104e+04	 8.300309e+04
macaw.jpg	 611	 649	 1.760597e+00	 15.000000	 8.300369e+04	 8.300596e+04
moose.jpg	 1039	 570	 2.162096e+00	 10.000000	 8.300658e+04	 8.300924e+04
macaw.jpg	 595	 645	 1.240806e+00	 15.000000	 8.300986e+04	 8.301161e+04
skunk.jpg	 327	 718	 2.693288e+00	 22.000000	 8.301221e+04	 8.301542e+04
lion.jpg	 440	 814	 1.471862e+00	 33.000000	 8.301605e+04	 8.301803e+04
lion.jpg	 418	 809	 1.348132e+00	 33.000000	 8.301863e+04	 8.302049e+04
leopard.jpg	 704	 635	 1.590081e+00	 16.000000	 8.302109e+04	 8.302319e+04
lion.jpg	 419	 801	 1.824068e+00	 33.000000	 8.302380e+04	 8.302614e+04
pig.jpg	 416	 548	 3.155555e+00	 3.000000	 8.302674e+04	 8.303041e+04
pig.jpg	 411	 555	 2.045855e+00	 3.000000	 8.303104e+04	 8.303359e+04
pig.jpg	 419	 573	 2.065467e+00	 3.000000	 8.303421e+04	 8.303678e+04
elephantafrican.jpg	 329	 560	 8.647099e+00	 2.000000	 8.303740e+04	 8.304655e+04
skunk.jpg	 447	 569	 2.351389e+00	 3.000000	 8.304729e+04	 8.305016e+04
camel.jpg	 811	 592	 1.585502e+00	 8.000000	 8.305077e+04	 8.305287e+04
duck.jpg	 671	 745	 1.749708e+00	 26.000000	 8.305347e+04	 8.305574e+04
cat.jpg	 272	 807	 3.475200e+00	 31.000000	 8.305636e+04	 8.306035e+04
gorilla.jpg	 420	 734	 1.898630e+00	 23.000000	 8.306098e+04	 8.306338e+04
mouse.jpg	 585	 778	 2.395757e+00	 35.000000	 8.306400e+04	 8.306690e+04
camel.jpg	 511	 734	 4.943337e+00	 24.000000	 8.306752e+04	 8.307297e+04
pig.jpg	 392	 554	 1.378206e+00	 3.000000	 8.307364e+04	 8.307552e+04
elephantafrican.jpg	 848	 554	 4.703835e+00	 8.000000	 8.307612e+04	 8.308134e+04
seal.jpg	 247	 655	 6.201667e+00	 11.000000	 8.308201e+04	 8.308871e+04
wolf.jpg	 934	 721	 2.419717e+00	 29.000000	 8.308940e+04	 8.309233e+04
panda.jpg	 273	 721	 3.161296e+00	 21.000000	 8.309297e+04	 8.309664e+04
dolphin.jpg	 768	 653	 3.007208e+00	 17.000000	 8.309727e+04	 8.310079e+04
skunk.jpg	 610	 583	 3.835532e+00	 5.000000	 8.310142e+04	 8.310578e+04
seal.jpg	 936	 795	 2.843663e+00	 39.000000	 8.310643e+04	 8.310978e+04
cow.jpg	 998	 788	 9.111879e-01	 40.000000	 8.311041e+04	 8.311183e+04
panda.jpg	 1002	 727	 8.496956e-01	 30.000000	 8.311243e+04	 8.311380e+04
cat.jpg	 316	 709	 3.820077e+00	 22.000000	 8.311440e+04	 8.311873e+04
skunk.jpg	 502	 727	 4.837232e+00	 24.000000	 8.311939e+04	 8.312474e+04
wolf.jpg	 1014	 659	 1.525695e+00	 20.000000	 8.312541e+04	 8.312744e+04
dolphin.jpg	 769	 640	 1.718519e+00	 17.000000	 8.312806e+04	 8.313029e+04
gorilla.jpg	 409	 723	 1.896841e+00	 23.000000	 8.313089e+04	 8.313329e+04
seal.jpg	 1015	 724	 5.162933e+00	 30.000000	 8.313391e+04	 8.313958e+04
wolf.jpg	 926	 719	 2.437853e+00	 29.000000	 8.314025e+04	 8.314320e+04
seal.jpg	 589	 580	 4.971854e+00	 5.000000	 8.314382e+04	 8.314930e+04
cow.jpg	 999	 561	 4.801452e+00	 10.000000	 8.314997e+04	 8.315529e+04
camel.jpg	 313	 787	 1.728740e+00	 32.000000	 8.315596e+04	 8.315819e+04
elephantafrican.jpg	 520	 666	 4.826965e+00	 14.000000	 8.315881e+04	 8.316415e+04
leopard.jpg	 678	 646	 6.194582e+00	 16.000000	 8.316482e+04	 8.317152e+04
kangaroo.jpg	 842	 790	 5.744336e+00	 38.000000	 8.317220e+04	 8.317846e+04
elephantafrican.jpg	 513	 635	 1.864219e+00	 14.000000	 8.317914e+04	 8.318151e+04
mouse.jpg	 855	 572	 1.686232e+00	 8.000000	 8.318213e+04	 8.318433e+04
dolphin.jpg	 765	 619	 1.412747e+00	 17.000000	 8.318493e+04	 8.318685e+04
ram.jpg	 517	 801	 1.650192e+00	 34.000000	 8.318745e+04	 8.318962e+04
mouse.jpg	 341	 745	 2.242988e+00	 22.000000	 8.319023e+04	 8.319298e+04
camel.jpg	 853	 644	 1.972025e+00	 18.000000	 8.319360e+04	 8.319609e+04
gorilla.jpg	 273	 642	 3.037053e+00	 11.000000	 8.319670e+04	 8.320026e+04
skunk.jpg	 402	 663	 3.076521e+00	 13.000000	 8.320089e+04	 8.320448e+04
moose.jpg	 300	 696	 2.862031e+00	 	 8.320511e+04	 8.320848e+04
mouse.jpg	 813	 597	 1.150261e+01	 18.000000	 8.320911e+04	 8.322112e+04
gorilla.jpg	 435	 718	 1.649497e+00	 23.000000	 8.322190e+04	 8.322407e+04
dolphin.jpg	 779	 631	 1.664232e+00	 17.000000	 8.322467e+04	 8.322684e+04
pig.jpg	 435	 556	 2.902743e+00	 3.000000	 8.322744e+04	 8.323086e+04
ram.jpg	 336	 797	 2.581920e+00	 32.000000	 8.323149e+04	 8.323458e+04
hippo.jpg	 434	 637	 3.204453e+00	 13.000000	 8.323520e+04	 8.323892e+04
wolf.jpg	 926	 723	 1.665469e+00	 29.000000	 8.323955e+04	 8.324172e+04
seal.jpg	 253	 824	 4.814727e+00	 31.000000	 8.324232e+04	 8.324764e+04
kangaroo.jpg	 513	 705	 2.304531e+00	 24.000000	 8.324830e+04	 8.325112e+04
mouse.jpg	 673	 738	 1.254075e+00	 26.000000	 8.325174e+04	 8.325351e+04
