kangaroo.jpg	 530	 710	 1.534370e+01	 24.000000	 2.106823e+04	 2.108410e+04
zebra.jpg	 498	 656	 1.439321e+01	 14.000000	 2.108496e+04	 2.109987e+04
camel.jpg	 683	 638	 6.093335e+00	 16.000000	 2.110071e+04	 2.110731e+04
llama.jpg	 347	 659	 1.343754e+01	 12.000000	 2.110799e+04	 2.112194e+04
ram.jpg	 1000	 572	 4.117550e+00	 10.000000	 2.112275e+04	 2.112739e+04
mouse.jpg	 843	 793	 6.805888e+00	 38.000000	 2.112804e+04	 2.113536e+04
cow.jpg	 684	 540	 1.039559e+01	 6.000000	 2.113606e+04	 2.114697e+04
penguin.jpg	 854	 728	 1.352856e+01	 28.000000	 2.114774e+04	 2.116178e+04
hippo.jpg	 786	 700	 2.743224e+00	 27.000000	 2.116260e+04	 2.116585e+04
leopard.jpg	 850	 832	 1.029573e+01	 38.000000	 2.116648e+04	 2.117729e+04
flamingo.jpg	 589	 828	 2.690009e+00	 35.000000	 2.117804e+04	 2.118124e+04
wolf.jpg	 449	 818	 8.633886e+00	 33.000000	 2.118194e+04	 2.119108e+04
panda.jpg	 472	 640	 8.476076e+00	 14.000000	 2.119182e+04	 2.120081e+04
cat.jpg	 672	 698	 3.127951e+00	 26.000000	 2.120154e+04	 2.120518e+04
lion.jpg	 266	 565	 1.897516e+00	 1.000000	 2.120581e+04	 2.120821e+04
moose.jpg	 432	 819	 1.239881e+01	 33.000000	 2.120883e+04	 2.122174e+04
rhino.jpg	 856	 651	 3.774413e+00	 18.000000	 2.122252e+04	 2.122681e+04
dolphin.jpg	 835	 660	 7.572467e+00	 18.000000	 2.122746e+04	 2.123555e+04
duck.jpg	 512	 741	 5.277039e+00	 24.000000	 2.123625e+04	 2.124203e+04
elephantafrican.jpg	 762	 804	 4.644201e+00	 37.000000	 2.124270e+04	 2.124785e+04
horse.jpg	 1019	 825	 3.302957e+00	 40.000000	 2.124852e+04	 2.125234e+04
pig.jpg	 763	 637	 1.078606e+01	 17.000000	 2.125297e+04	 2.126427e+04
skunk.jpg	 672	 570	 7.234073e+00	 6.000000	 2.126503e+04	 2.127277e+04
gorilla.jpg	 755	 713	 1.275292e+01	 27.000000	 2.127347e+04	 2.128673e+04
rabbit.jpg	 836	 653	 6.821641e+00	 18.000000	 2.128753e+04	 2.129487e+04
tortoise.jpg	 348	 726	 6.806744e+00	 22.000000	 2.129557e+04	 2.130289e+04
koala.jpg	 444	 797	 4.833405e+00	 33.000000	 2.130359e+04	 2.130893e+04
seal.jpg	 615	 645	 2.519108e+00	 15.000000	 2.130960e+04	 2.131263e+04
brown_bear.jpg	 337	 739	 7.934620e+00	 22.000000	 2.131330e+04	 2.132174e+04
macaw.jpg	 525	 734	 7.736059e+00	 24.000000	 2.132245e+04	 2.133069e+04
skunk.jpg	 687	 780	 5.814227e+00	 36.000000	 2.133141e+04	 2.133773e+04
skunk.jpg	 685	 805	 9.607741e-01	 36.000000	 2.133845e+04	 2.133992e+04
gorilla.jpg	 258	 829	 3.444344e+00	 31.000000	 2.134057e+04	 2.134452e+04
ram.jpg	 993	 549	 2.217666e+00	 10.000000	 2.134515e+04	 2.134789e+04
pig.jpg	 758	 636	 1.823648e+00	 17.000000	 2.134851e+04	 2.135084e+04
seal.jpg	 359	 734	 2.680215e+00	 22.000000	 2.135144e+04	 2.135463e+04
mouse.jpg	 843	 802	 4.654351e+00	 38.000000	 2.135528e+04	 2.136045e+04
gorilla.jpg	 240	 821	 3.133197e+00	 31.000000	 2.136111e+04	 2.136475e+04
macaw.jpg	 845	 658	 6.607689e+00	 18.000000	 2.136538e+04	 2.137250e+04
cow.jpg	 668	 663	 3.673431e+00	 16.000000	 2.137321e+04	 2.137739e+04
wolf.jpg	 594	 728	 3.146682e+00	 25.000000	 2.137806e+04	 2.138171e+04
moose.jpg	 611	 719	 1.965971e+01	 25.000000	 2.138234e+04	 2.140251e+04
seal.jpg	 346	 759	 1.993364e+00	 22.000000	 2.140343e+04	 2.140593e+04
seal.jpg	 366	 751	 1.116880e+00	 22.000000	 2.140653e+04	 2.140816e+04
skunk.jpg	 698	 813	 2.502978e+00	 36.000000	 2.140876e+04	 2.141178e+04
kangaroo.jpg	 845	 710	 7.221010e+00	 28.000000	 2.141240e+04	 2.142014e+04
camel.jpg	 865	 800	 6.747549e+00	 38.000000	 2.142084e+04	 2.142809e+04
gorilla.jpg	 281	 798	 1.852312e+00	 31.000000	 2.142879e+04	 2.143116e+04
elephantafrican.jpg	 504	 661	 3.556789e+00	 14.000000	 2.143178e+04	 2.143585e+04
skunk.jpg	 685	 796	 1.010369e+00	 36.000000	 2.143648e+04	 2.143800e+04
leopard.jpg	 805	 762	 4.313915e+00	 27.000000	 2.143860e+04	 2.144342e+04
dolphin.jpg	 343	 657	 4.508195e+00	 12.000000	 2.144409e+04	 2.144911e+04
camel.jpg	 464	 568	 9.687635e-01	 3.000000	 2.144976e+04	 2.145124e+04
gorilla.jpg	 282	 789	 1.540368e+00	 31.000000	 2.145186e+04	 2.145391e+04
elephantafrican.jpg	 267	 735	 3.982677e+00	 21.000000	 2.145453e+04	 2.145901e+04
dolphin.jpg	 831	 812	 5.804929e+00	 38.000000	 2.145968e+04	 2.146600e+04
seal.jpg	 281	 800	 3.565390e+00	 31.000000	 2.146670e+04	 2.147077e+04
lion.jpg	 371	 716	 2.248789e-01	 22.000000	 2.147144e+04	 2.147217e+04
dolphin.jpg	 275	 812	 4.942621e+00	 31.000000	 2.147277e+04	 2.147823e+04
mouse.jpg	 927	 803	 5.588200e+00	 39.000000	 2.147891e+04	 2.148501e+04
lion.jpg	 505	 576	 5.707809e+00	 4.000000	 2.148570e+04	 2.149192e+04
skunk.jpg	 701	 832	 2.360357e+00	 36.000000	 2.149262e+04	 2.149549e+04
kangaroo.jpg	 848	 792	 3.539734e+00	 38.000000	 2.149612e+04	 2.150017e+04
pig.jpg	 774	 663	 1.945404e+00	 17.000000	 2.150082e+04	 2.150328e+04
gorilla.jpg	 252	 824	 1.593314e+00	 31.000000	 2.150391e+04	 2.150601e+04
ram.jpg	 1002	 566	 1.494945e+00	 10.000000	 2.150663e+04	 2.150863e+04
mouse.jpg	 910	 829	 4.414328e+00	 39.000000	 2.150925e+04	 2.151417e+04
mouse.jpg	 933	 830	 1.053589e+00	 39.000000	 2.151483e+04	 2.151640e+04
duck.jpg	 640	 617	 2.002491e+00	 	 2.151702e+04	 2.151954e+04
pig.jpg	 746	 653	 1.801595e+00	 17.000000	 2.152017e+04	 2.152249e+04
panda.jpg	 336	 805	 1.916007e+00	 32.000000	 2.152311e+04	 2.152552e+04
elephantafrican.jpg	 265	 732	 2.294645e+00	 21.000000	 2.152616e+04	 2.152896e+04
moose.jpg	 440	 565	 4.479507e+00	 3.000000	 2.152959e+04	 2.153458e+04
elephantafrican.jpg	 273	 704	 3.469863e+00	 21.000000	 2.153525e+04	 2.153923e+04
wolf.jpg	 594	 725	 1.771443e+00	 25.000000	 2.153988e+04	 2.154217e+04
pig.jpg	 760	 634	 1.570292e+00	 17.000000	 2.154280e+04	 2.154489e+04
pig.jpg	 750	 629	 1.220607e+00	 17.000000	 2.154550e+04	 2.154724e+04
wolf.jpg	 695	 827	 1.575597e+00	 36.000000	 2.154786e+04	 2.154994e+04
lion.jpg	 526	 561	 1.991790e+00	 4.000000	 2.155056e+04	 2.155306e+04
hippo.jpg	 934	 808	 2.692009e+00	 39.000000	 2.155369e+04	 2.155689e+04
wolf.jpg	 663	 807	 1.851335e+00	 36.000000	 2.155755e+04	 2.155991e+04
seal.jpg	 523	 746	 2.320604e+00	 24.000000	 2.156053e+04	 2.156337e+04
cat.jpg	 493	 742	 3.235722e+00	 24.000000	 2.156400e+04	 2.156775e+04
duck.jpg	 862	 730	 3.700654e+00	 28.000000	 2.156840e+04	 2.157262e+04
camel.jpg	 778	 728	 7.649325e+00	 27.000000	 2.157329e+04	 2.158144e+04
camel.jpg	 789	 749	 1.032592e+00	 27.000000	 2.158218e+04	 2.158373e+04
hippo.jpg	 590	 812	 1.539537e+00	 35.000000	 2.158435e+04	 2.158640e+04
lion.jpg	 260	 583	 1.539394e+00	 1.000000	 2.158701e+04	 2.158907e+04
wolf.jpg	 684	 729	 1.975518e+00	 26.000000	 2.158968e+04	 2.159217e+04
camel.jpg	 776	 727	 1.332829e+00	 27.000000	 2.159280e+04	 2.159465e+04
dolphin.jpg	 510	 715	 1.528358e+00	 24.000000	 2.159527e+04	 2.159730e+04
panda.jpg	 596	 552	 4.744191e+00	 5.000000	 2.159792e+04	 2.160318e+04
macaw.jpg	 571	 664	 1.945491e+00	 15.000000	 2.160386e+04	 2.160631e+04
mouse.jpg	 867	 806	 2.361563e+00	 38.000000	 2.160696e+04	 2.160983e+04
lion.jpg	 265	 578	 1.587126e+00	 1.000000	 2.161046e+04	 2.161257e+04
elephantafrican.jpg	 244	 814	 2.154148e+00	 31.000000	 2.161318e+04	 2.161585e+04
dolphin.jpg	 337	 713	 2.278123e+00	 22.000000	 2.161648e+04	 2.161927e+04
cat.jpg	 499	 721	 1.204591e+00	 24.000000	 2.161990e+04	 2.162162e+04
cow.jpg	 507	 723	 1.976304e+00	 24.000000	 2.162224e+04	 2.162472e+04
leopard.jpg	 766	 802	 4.095302e+00	 37.000000	 2.162534e+04	 2.162994e+04
