skunk.jpg	 1.000000	 0.000000	 	 2.216448e+04	 2.216648e+04	 1.000000
brown_bear.jpg	 3.000000	 0.000000	 	 2.216710e+04	 2.216910e+04	 2.000000
cow.jpg	 6.000000	 0.000000	 	 2.216971e+04	 2.217171e+04	 3.000000
leopard.jpg	 6.000000	 0.000000	 	 2.217233e+04	 2.217433e+04	 4.000000
moose.jpg	 6.000000	 0.000000	 	 2.217494e+04	 2.217694e+04	 5.000000
duck.jpg	 6.000000	 0.000000	 	 2.217756e+04	 2.217956e+04	 6.000000
horse.jpg	 3.000000	 0.000000	 	 2.218017e+04	 2.218217e+04	 7.000000
cat.jpg	 6.000000	 0.000000	 	 2.218279e+04	 2.218479e+04	 8.000000
pig.jpg	 1.000000	 0.000000	 	 2.218541e+04	 2.218741e+04	 9.000000
leopard.jpg	 6.000000	 1.000000	 7.069638e-01	 2.218802e+04	 2.219002e+04	 10.000000
macaw.jpg	 6.000000	 0.000000	 	 2.219064e+04	 2.219264e+04	 11.000000
cow.jpg	 6.000000	 1.000000	 7.391324e-01	 2.219325e+04	 2.219525e+04	 12.000000
duck.jpg	 6.000000	 1.000000	 6.672337e-01	 2.219587e+04	 2.219787e+04	 13.000000
rabbit.jpg	 3.000000	 0.000000	 	 2.219848e+04	 2.220048e+04	 14.000000
seal.jpg	 1.000000	 0.000000	 	 2.220110e+04	 2.220310e+04	 15.000000
rhino.jpg	 3.000000	 0.000000	 	 2.220372e+04	 2.220572e+04	 16.000000
llama.jpg	 3.000000	 0.000000	 	 2.220633e+04	 2.220833e+04	 17.000000
camel.jpg	 1.000000	 0.000000	 	 2.220895e+04	 2.221095e+04	 18.000000
flamingo.jpg	 3.000000	 0.000000	 	 2.221156e+04	 2.221356e+04	 19.000000
ram.jpg	 6.000000	 0.000000	 	 2.221418e+04	 2.221618e+04	 20.000000
macaw.jpg	 6.000000	 1.000000	 6.529117e-01	 2.221679e+04	 2.221879e+04	 21.000000
hippo.jpg	 6.000000	 0.000000	 	 2.221941e+04	 2.222141e+04	 22.000000
moose.jpg	 6.000000	 1.000000	 6.213357e-01	 2.222203e+04	 2.222403e+04	 23.000000
zebra.jpg	 3.000000	 0.000000	 	 2.222464e+04	 2.222664e+04	 24.000000
panda.jpg	 6.000000	 0.000000	 	 2.222726e+04	 2.222926e+04	 25.000000
wolf.jpg	 1.000000	 0.000000	 	 2.222987e+04	 2.223187e+04	 26.000000
panda.jpg	 6.000000	 1.000000	 7.661977e-01	 2.223249e+04	 2.223449e+04	 27.000000
kangaroo.jpg	 6.000000	 0.000000	 	 2.223510e+04	 2.223710e+04	 28.000000
kangaroo.jpg	 6.000000	 1.000000	 5.585939e-01	 2.223772e+04	 2.223972e+04	 29.000000
gorilla.jpg	 1.000000	 0.000000	 	 2.224034e+04	 2.224234e+04	 30.000000
moose.jpg	 6.000000	 1.000000	 6.549138e-01	 2.224295e+04	 2.224495e+04	 31.000000
dolphin.jpg	 1.000000	 0.000000	 	 2.224557e+04	 2.224757e+04	 32.000000
hippo.jpg	 6.000000	 1.000000	 7.354647e-01	 2.224818e+04	 2.225018e+04	 33.000000
kangaroo.jpg	 6.000000	 1.000000	 7.277146e-01	 2.225080e+04	 2.225280e+04	 34.000000
cow.jpg	 6.000000	 1.000000	 6.878542e-01	 2.225341e+04	 2.225541e+04	 35.000000
tortoise.jpg	 3.000000	 0.000000	 	 2.225603e+04	 2.225803e+04	 36.000000
cow.jpg	 6.000000	 1.000000	 5.764013e-01	 2.225865e+04	 2.226065e+04	 37.000000
flamingo.jpg	 3.000000	 1.000000	 7.289134e-01	 2.226126e+04	 2.226326e+04	 38.000000
cow.jpg	 6.000000	 1.000000	 6.088006e-01	 2.226388e+04	 2.226588e+04	 39.000000
moose.jpg	 6.000000	 1.000000	 6.008413e-01	 2.226649e+04	 2.226849e+04	 40.000000
leopard.jpg	 6.000000	 1.000000	 5.932243e-01	 2.226911e+04	 2.227111e+04	 41.000000
duck.jpg	 6.000000	 1.000000	 5.699116e-01	 2.227172e+04	 2.227373e+04	 42.000000
hippo.jpg	 6.000000	 1.000000	 5.777086e-01	 2.227434e+04	 2.227634e+04	 43.000000
panda.jpg	 6.000000	 1.000000	 9.057373e-01	 2.227696e+04	 2.227896e+04	 44.000000
duck.jpg	 6.000000	 1.000000	 7.539910e-01	 2.227957e+04	 2.228157e+04	 45.000000
ram.jpg	 6.000000	 1.000000	 6.982240e-01	 2.228219e+04	 2.228419e+04	 46.000000
kangaroo.jpg	 6.000000	 1.000000	 5.783884e-01	 2.228480e+04	 2.228680e+04	 47.000000
ram.jpg	 6.000000	 1.000000	 5.866771e-01	 2.228742e+04	 2.228942e+04	 48.000000
elephantafrican.jpg	 1.000000	 0.000000	 	 2.229004e+04	 2.229204e+04	 49.000000
mouse.jpg	 1.000000	 0.000000	 	 2.229265e+04	 2.229465e+04	 50.000000
rabbit.jpg	 3.000000	 1.000000	 7.711412e-01	 2.229527e+04	 2.229727e+04	 51.000000
flamingo.jpg	 3.000000	 1.000000	 6.033720e-01	 2.229788e+04	 2.229988e+04	 52.000000
lion.jpg	 1.000000	 0.000000	 	 2.230050e+04	 2.230250e+04	 53.000000
horse.jpg	 3.000000	 1.000000	 6.358197e-01	 2.230311e+04	 2.230511e+04	 54.000000
macaw.jpg	 6.000000	 1.000000	 5.960922e-01	 2.230573e+04	 2.230773e+04	 55.000000
macaw.jpg	 6.000000	 1.000000	 5.403486e-01	 2.230835e+04	 2.231035e+04	 56.000000
penguin.jpg	 3.000000	 0.000000	 	 2.231096e+04	 2.231296e+04	 57.000000
panda.jpg	 6.000000	 1.000000	 4.928071e-01	 2.231358e+04	 2.231558e+04	 58.000000
panda.jpg	 6.000000	 1.000000	 5.009768e-01	 2.231619e+04	 2.231819e+04	 59.000000
ram.jpg	 6.000000	 1.000000	 6.212164e-01	 2.231881e+04	 2.232081e+04	 60.000000
duck.jpg	 6.000000	 1.000000	 5.814930e-01	 2.232142e+04	 2.232342e+04	 61.000000
tortoise.jpg	 3.000000	 1.000000	 7.649995e-01	 2.232404e+04	 2.232604e+04	 62.000000
rhino.jpg	 3.000000	 1.000000	 6.460037e-01	 2.232666e+04	 2.232866e+04	 63.000000
leopard.jpg	 6.000000	 1.000000	 5.740271e-01	 2.232927e+04	 2.233127e+04	 64.000000
cat.jpg	 6.000000	 1.000000	 6.462302e-01	 2.233189e+04	 2.233389e+04	 65.000000
rhino.jpg	 3.000000	 1.000000	 6.545606e-01	 2.233450e+04	 2.233650e+04	 66.000000
zebra.jpg	 3.000000	 1.000000	 6.146512e-01	 2.233712e+04	 2.233912e+04	 67.000000
koala.jpg	 3.000000	 0.000000	 	 2.233973e+04	 2.234173e+04	 68.000000
llama.jpg	 3.000000	 1.000000	 7.271050e-01	 2.234235e+04	 2.234435e+04	 69.000000
tortoise.jpg	 3.000000	 1.000000	 5.434504e-01	 2.234497e+04	 2.234697e+04	 70.000000
rabbit.jpg	 3.000000	 1.000000	 4.876426e-01	 2.234758e+04	 2.234958e+04	 71.000000
leopard.jpg	 6.000000	 1.000000	 5.436813e-01	 2.235020e+04	 2.235220e+04	 72.000000
cat.jpg	 6.000000	 1.000000	 5.200023e-01	 2.235281e+04	 2.235481e+04	 73.000000
hippo.jpg	 6.000000	 1.000000	 5.441045e-01	 2.235543e+04	 2.235743e+04	 74.000000
cat.jpg	 6.000000	 1.000000	 5.202298e-01	 2.235804e+04	 2.236004e+04	 75.000000
panda.jpg	 6.000000	 1.000000	 4.485701e-01	 2.236066e+04	 2.236266e+04	 76.000000
hippo.jpg	 6.000000	 1.000000	 4.407071e-01	 2.236328e+04	 2.236528e+04	 77.000000
penguin.jpg	 3.000000	 1.000000	 5.609498e-01	 2.236589e+04	 2.236789e+04	 78.000000
cow.jpg	 6.000000	 1.000000	 5.371765e-01	 2.236851e+04	 2.237051e+04	 79.000000
ram.jpg	 6.000000	 1.000000	 4.813367e-01	 2.237112e+04	 2.237312e+04	 80.000000
macaw.jpg	 6.000000	 1.000000	 4.895892e-01	 2.237374e+04	 2.237574e+04	 81.000000
llama.jpg	 3.000000	 1.000000	 7.219662e-01	 2.237635e+04	 2.237835e+04	 82.000000
macaw.jpg	 6.000000	 1.000000	 4.259408e-01	 2.237897e+04	 2.238097e+04	 83.000000
cat.jpg	 6.000000	 1.000000	 5.302784e-01	 2.238159e+04	 2.238359e+04	 84.000000
ram.jpg	 6.000000	 1.000000	 4.744755e-01	 2.238420e+04	 2.238620e+04	 85.000000
penguin.jpg	 3.000000	 1.000000	 6.106426e-01	 2.238682e+04	 2.238882e+04	 86.000000
brown_bear.jpg	 3.000000	 1.000000	 1.018806e+00	 2.238943e+04	 2.239143e+04	 87.000000
zebra.jpg	 3.000000	 1.000000	 4.830792e-01	 2.239205e+04	 2.239405e+04	 88.000000
horse.jpg	 3.000000	 1.000000	 4.914023e-01	 2.239466e+04	 2.239667e+04	 89.000000
cat.jpg	 6.000000	 1.000000	 4.357235e-01	 2.239728e+04	 2.239928e+04	 90.000000
brown_bear.jpg	 3.000000	 1.000000	 5.397509e-01	 2.239990e+04	 2.240190e+04	 91.000000
moose.jpg	 6.000000	 1.000000	 5.960312e-01	 2.240251e+04	 2.240451e+04	 92.000000
kangaroo.jpg	 6.000000	 1.000000	 5.405025e-01	 2.240513e+04	 2.240713e+04	 93.000000
koala.jpg	 3.000000	 1.000000	 7.243949e-01	 2.240774e+04	 2.240974e+04	 94.000000
koala.jpg	 3.000000	 1.000000	 5.246876e-01	 2.241036e+04	 2.241236e+04	 95.000000
kangaroo.jpg	 6.000000	 1.000000	 4.367238e-01	 2.241298e+04	 2.241498e+04	 96.000000
moose.jpg	 6.000000	 1.000000	 6.690356e-01	 2.241559e+04	 2.241759e+04	 97.000000
hippo.jpg	 6.000000	 1.000000	 6.291340e-01	 2.241821e+04	 2.242021e+04	 98.000000
leopard.jpg	 6.000000	 1.000000	 4.774297e-01	 2.242082e+04	 2.242282e+04	 99.000000
duck.jpg	 6.000000	 1.000000	 5.018834e-01	 2.242344e+04	 2.242544e+04	 100.000000
