duck.jpg	 3.000000	 0.000000	 	 1.489604e+04	 1.489804e+04	 1.000000
skunk.jpg	 6.000000	 0.000000	 	 1.489866e+04	 1.490066e+04	 2.000000
llama.jpg	 1.000000	 0.000000	 	 1.490128e+04	 1.490328e+04	 3.000000
skunk.jpg	 6.000000	 1.000000	 8.323559e-01	 1.490390e+04	 1.490590e+04	 4.000000
penguin.jpg	 1.000000	 0.000000	 	 1.490651e+04	 1.490851e+04	 5.000000
elephantafrican.jpg	 6.000000	 0.000000	 	 1.490913e+04	 1.491113e+04	 6.000000
elephantafrican.jpg	 6.000000	 1.000000	 6.169972e-01	 1.491174e+04	 1.491374e+04	 7.000000
skunk.jpg	 6.000000	 1.000000	 5.931559e-01	 1.491436e+04	 1.491636e+04	 8.000000
mouse.jpg	 6.000000	 0.000000	 	 1.491697e+04	 1.491897e+04	 9.000000
wolf.jpg	 6.000000	 0.000000	 	 1.491959e+04	 1.492159e+04	 10.000000
mouse.jpg	 6.000000	 1.000000	 6.499038e-01	 1.492221e+04	 1.492421e+04	 11.000000
camel.jpg	 6.000000	 0.000000	 	 1.492482e+04	 1.492682e+04	 12.000000
panda.jpg	 3.000000	 0.000000	 	 1.492744e+04	 1.492944e+04	 13.000000
kangaroo.jpg	 3.000000	 0.000000	 	 1.493005e+04	 1.493205e+04	 14.000000
seal.jpg	 6.000000	 0.000000	 	 1.493267e+04	 1.493467e+04	 15.000000
moose.jpg	 3.000000	 0.000000	 	 1.493528e+04	 1.493728e+04	 16.000000
wolf.jpg	 6.000000	 1.000000	 6.667860e-01	 1.493790e+04	 1.493990e+04	 17.000000
lion.jpg	 6.000000	 0.000000	 	 1.494052e+04	 1.494252e+04	 18.000000
pig.jpg	 6.000000	 0.000000	 	 1.494313e+04	 1.494513e+04	 19.000000
lion.jpg	 6.000000	 1.000000	 6.758424e-01	 1.494575e+04	 1.494775e+04	 20.000000
pig.jpg	 6.000000	 1.000000	 7.637171e-01	 1.494836e+04	 1.495036e+04	 21.000000
cat.jpg	 3.000000	 0.000000	 	 1.495098e+04	 1.495298e+04	 22.000000
macaw.jpg	 3.000000	 0.000000	 	 1.495360e+04	 1.495560e+04	 23.000000
lion.jpg	 6.000000	 1.000000	 6.764426e-01	 1.495621e+04	 1.495821e+04	 24.000000
mouse.jpg	 6.000000	 1.000000	 6.687098e-01	 1.495883e+04	 1.496083e+04	 25.000000
hippo.jpg	 3.000000	 0.000000	 	 1.496144e+04	 1.496344e+04	 26.000000
skunk.jpg	 6.000000	 1.000000	 7.330689e-01	 1.496406e+04	 1.496606e+04	 27.000000
moose.jpg	 3.000000	 1.000000	 7.253030e-01	 1.496667e+04	 1.496867e+04	 28.000000
zebra.jpg	 1.000000	 0.000000	 	 1.496929e+04	 1.497129e+04	 29.000000
seal.jpg	 6.000000	 1.000000	 7.259796e-01	 1.497191e+04	 1.497391e+04	 30.000000
gorilla.jpg	 6.000000	 0.000000	 	 1.497452e+04	 1.497652e+04	 31.000000
seal.jpg	 6.000000	 1.000000	 8.059874e-01	 1.497714e+04	 1.497914e+04	 32.000000
dolphin.jpg	 6.000000	 0.000000	 	 1.497975e+04	 1.498175e+04	 33.000000
ram.jpg	 3.000000	 0.000000	 	 1.498237e+04	 1.498437e+04	 34.000000
tortoise.jpg	 1.000000	 0.000000	 	 1.498498e+04	 1.498698e+04	 35.000000
kangaroo.jpg	 3.000000	 1.000000	 7.589225e-01	 1.498760e+04	 1.498960e+04	 36.000000
mouse.jpg	 6.000000	 1.000000	 6.552967e-01	 1.499022e+04	 1.499222e+04	 37.000000
camel.jpg	 6.000000	 1.000000	 7.587184e-01	 1.499285e+04	 1.499485e+04	 38.000000
panda.jpg	 3.000000	 1.000000	 6.550032e-01	 1.499546e+04	 1.499746e+04	 39.000000
gorilla.jpg	 6.000000	 1.000000	 6.312315e-01	 1.499808e+04	 1.500008e+04	 40.000000
duck.jpg	 3.000000	 1.000000	 1.055597e+00	 1.500069e+04	 1.500270e+04	 41.000000
moose.jpg	 3.000000	 1.000000	 7.599567e-01	 1.500331e+04	 1.500531e+04	 42.000000
brown_bear.jpg	 1.000000	 0.000000	 	 1.500593e+04	 1.500793e+04	 43.000000
koala.jpg	 1.000000	 0.000000	 	 1.500854e+04	 1.501054e+04	 44.000000
dolphin.jpg	 6.000000	 1.000000	 6.404721e-01	 1.501116e+04	 1.501316e+04	 45.000000
rhino.jpg	 1.000000	 0.000000	 	 1.501377e+04	 1.501577e+04	 46.000000
wolf.jpg	 6.000000	 1.000000	 6.568285e-01	 1.501639e+04	 1.501839e+04	 47.000000
flamingo.jpg	 1.000000	 0.000000	 	 1.501901e+04	 1.502101e+04	 48.000000
seal.jpg	 6.000000	 1.000000	 6.252432e-01	 1.502162e+04	 1.502362e+04	 49.000000
cow.jpg	 3.000000	 0.000000	 	 1.502424e+04	 1.502624e+04	 50.000000
lion.jpg	 6.000000	 1.000000	 6.416555e-01	 1.502685e+04	 1.502885e+04	 51.000000
elephantafrican.jpg	 6.000000	 1.000000	 9.524677e-01	 1.502950e+04	 1.503150e+04	 52.000000
elephantafrican.jpg	 6.000000	 1.000000	 6.568834e-01	 1.503212e+04	 1.503412e+04	 53.000000
gorilla.jpg	 6.000000	 1.000000	 6.328477e-01	 1.503473e+04	 1.503673e+04	 54.000000
leopard.jpg	 3.000000	 0.000000	 	 1.503735e+04	 1.503935e+04	 55.000000
leopard.jpg	 3.000000	 1.000000	 6.011162e-01	 1.503996e+04	 1.504196e+04	 56.000000
mouse.jpg	 6.000000	 1.000000	 6.094472e-01	 1.504258e+04	 1.504458e+04	 57.000000
horse.jpg	 1.000000	 0.000000	 	 1.504520e+04	 1.504720e+04	 58.000000
dolphin.jpg	 6.000000	 1.000000	 7.218519e-01	 1.504781e+04	 1.504981e+04	 59.000000
pig.jpg	 6.000000	 1.000000	 6.022646e-01	 1.505043e+04	 1.505243e+04	 60.000000
dolphin.jpg	 6.000000	 1.000000	 7.385445e-01	 1.505304e+04	 1.505504e+04	 61.000000
dolphin.jpg	 6.000000	 1.000000	 5.545700e-01	 1.505566e+04	 1.505766e+04	 62.000000
mouse.jpg	 6.000000	 1.000000	 5.789286e-01	 1.505827e+04	 1.506027e+04	 63.000000
lion.jpg	 6.000000	 1.000000	 6.512710e-01	 1.506089e+04	 1.506289e+04	 64.000000
seal.jpg	 6.000000	 1.000000	 6.112354e-01	 1.506351e+04	 1.506551e+04	 65.000000
gorilla.jpg	 6.000000	 1.000000	 5.713983e-01	 1.506612e+04	 1.506812e+04	 66.000000
wolf.jpg	 6.000000	 1.000000	 5.156391e-01	 1.506874e+04	 1.507074e+04	 67.000000
wolf.jpg	 6.000000	 1.000000	 5.719824e-01	 1.507135e+04	 1.507335e+04	 68.000000
skunk.jpg	 6.000000	 1.000000	 5.961884e-01	 1.507397e+04	 1.507597e+04	 69.000000
pig.jpg	 6.000000	 1.000000	 5.407222e-01	 1.507658e+04	 1.507858e+04	 70.000000
ram.jpg	 3.000000	 1.000000	 7.884248e-01	 1.507920e+04	 1.508120e+04	 71.000000
hippo.jpg	 3.000000	 1.000000	 6.689017e-01	 1.508182e+04	 1.508382e+04	 72.000000
panda.jpg	 3.000000	 1.000000	 6.289536e-01	 1.508443e+04	 1.508643e+04	 73.000000
dolphin.jpg	 6.000000	 1.000000	 5.730520e-01	 1.508705e+04	 1.508905e+04	 74.000000
camel.jpg	 6.000000	 1.000000	 5.333185e-01	 1.508966e+04	 1.509166e+04	 75.000000
cat.jpg	 3.000000	 1.000000	 6.857694e-01	 1.509228e+04	 1.509428e+04	 76.000000
gorilla.jpg	 6.000000	 1.000000	 5.660307e-01	 1.509489e+04	 1.509690e+04	 77.000000
elephantafrican.jpg	 6.000000	 1.000000	 7.181477e-01	 1.509751e+04	 1.509951e+04	 78.000000
cow.jpg	 3.000000	 1.000000	 7.902418e-01	 1.510013e+04	 1.510213e+04	 79.000000
pig.jpg	 6.000000	 1.000000	 5.585716e-01	 1.510274e+04	 1.510474e+04	 80.000000
cow.jpg	 3.000000	 1.000000	 5.347284e-01	 1.510536e+04	 1.510736e+04	 81.000000
kangaroo.jpg	 3.000000	 1.000000	 7.030340e-01	 1.510797e+04	 1.510997e+04	 82.000000
camel.jpg	 6.000000	 1.000000	 5.831664e-01	 1.511059e+04	 1.511259e+04	 83.000000
leopard.jpg	 3.000000	 1.000000	 7.992767e-01	 1.511320e+04	 1.511521e+04	 84.000000
pig.jpg	 6.000000	 1.000000	 7.436478e-01	 1.511582e+04	 1.511782e+04	 85.000000
skunk.jpg	 6.000000	 1.000000	 6.556069e-01	 1.511844e+04	 1.512044e+04	 86.000000
rabbit.jpg	 1.000000	 0.000000	 	 1.512105e+04	 1.512305e+04	 87.000000
ram.jpg	 3.000000	 1.000000	 8.961388e-01	 1.512367e+04	 1.512567e+04	 88.000000
wolf.jpg	 6.000000	 1.000000	 6.005079e-01	 1.512628e+04	 1.512828e+04	 89.000000
macaw.jpg	 3.000000	 1.000000	 7.847924e-01	 1.512890e+04	 1.513090e+04	 90.000000
duck.jpg	 3.000000	 1.000000	 7.130133e-01	 1.513152e+04	 1.513352e+04	 91.000000
seal.jpg	 6.000000	 1.000000	 6.730030e-01	 1.513413e+04	 1.513613e+04	 92.000000
camel.jpg	 6.000000	 1.000000	 5.052386e-01	 1.513675e+04	 1.513875e+04	 93.000000
macaw.jpg	 3.000000	 1.000000	 5.933702e-01	 1.513936e+04	 1.514136e+04	 94.000000
elephantafrican.jpg	 6.000000	 1.000000	 6.336404e-01	 1.514198e+04	 1.514398e+04	 95.000000
gorilla.jpg	 6.000000	 1.000000	 6.579048e-01	 1.514459e+04	 1.514659e+04	 96.000000
cat.jpg	 3.000000	 1.000000	 6.340696e-01	 1.514721e+04	 1.514921e+04	 97.000000
lion.jpg	 6.000000	 1.000000	 4.984348e-01	 1.514983e+04	 1.515183e+04	 98.000000
camel.jpg	 6.000000	 1.000000	 5.385311e-01	 1.515244e+04	 1.515444e+04	 99.000000
hippo.jpg	 3.000000	 1.000000	 5.788770e-01	 1.515506e+04	 1.515706e+04	 100.000000
