koala.jpg	 6.000000	 0.000000	 	 1.531294e+04	 1.531494e+04	 1.000000
tortoise.jpg	 6.000000	 0.000000	 	 1.531552e+04	 1.531752e+04	 2.000000
dolphin.jpg	 3.000000	 0.000000	 	 1.531811e+04	 1.532011e+04	 3.000000
duck.jpg	 1.000000	 0.000000	 	 1.532069e+04	 1.532269e+04	 4.000000
flamingo.jpg	 6.000000	 0.000000	 	 1.532330e+04	 1.532530e+04	 5.000000
seal.jpg	 3.000000	 0.000000	 	 1.532588e+04	 1.532788e+04	 6.000000
penguin.jpg	 6.000000	 0.000000	 	 1.532847e+04	 1.533047e+04	 7.000000
rhino.jpg	 6.000000	 0.000000	 	 1.533105e+04	 1.533305e+04	 8.000000
zebra.jpg	 6.000000	 0.000000	 	 1.533364e+04	 1.533564e+04	 9.000000
panda.jpg	 1.000000	 0.000000	 	 1.533622e+04	 1.533822e+04	 10.000000
koala.jpg	 6.000000	 1.000000	 7.230104e-01	 1.533879e+04	 1.534079e+04	 11.000000
gorilla.jpg	 3.000000	 0.000000	 	 1.534137e+04	 1.534337e+04	 12.000000
skunk.jpg	 3.000000	 0.000000	 	 1.534396e+04	 1.534596e+04	 13.000000
dolphin.jpg	 3.000000	 1.000000	 6.164976e-01	 1.534653e+04	 1.534853e+04	 14.000000
rabbit.jpg	 6.000000	 0.000000	 	 1.534911e+04	 1.535111e+04	 15.000000
rabbit.jpg	 6.000000	 1.000000	 8.713159e-01	 1.535168e+04	 1.535368e+04	 16.000000
gorilla.jpg	 3.000000	 1.000000	 8.543013e-01	 1.535427e+04	 1.535627e+04	 17.000000
dolphin.jpg	 3.000000	 1.000000	 7.008547e-01	 1.535685e+04	 1.535885e+04	 18.000000
brown_bear.jpg	 6.000000	 0.000000	 	 1.535944e+04	 1.536144e+04	 19.000000
zebra.jpg	 6.000000	 1.000000	 7.311447e-01	 1.536200e+04	 1.536400e+04	 20.000000
horse.jpg	 6.000000	 0.000000	 	 1.536459e+04	 1.536659e+04	 21.000000
mouse.jpg	 3.000000	 0.000000	 	 1.536717e+04	 1.536917e+04	 22.000000
brown_bear.jpg	 6.000000	 1.000000	 7.529569e-01	 1.536974e+04	 1.537174e+04	 23.000000
mouse.jpg	 3.000000	 1.000000	 7.282842e-01	 1.537231e+04	 1.537431e+04	 24.000000
zebra.jpg	 6.000000	 1.000000	 6.801166e-01	 1.537488e+04	 1.537688e+04	 25.000000
rabbit.jpg	 6.000000	 1.000000	 8.718009e-01	 1.537745e+04	 1.537945e+04	 26.000000
rhino.jpg	 6.000000	 1.000000	 1.615563e+00	 1.538002e+04	 1.538202e+04	 27.000000
horse.jpg	 6.000000	 1.000000	 7.509744e-01	 1.538259e+04	 1.538459e+04	 28.000000
tortoise.jpg	 6.000000	 1.000000	 7.424020e-01	 1.538515e+04	 1.538715e+04	 29.000000
leopard.jpg	 1.000000	 0.000000	 	 1.538774e+04	 1.538974e+04	 30.000000
macaw.jpg	 1.000000	 0.000000	 	 1.539032e+04	 1.539232e+04	 31.000000
pig.jpg	 3.000000	 0.000000	 	 1.539291e+04	 1.539491e+04	 32.000000
brown_bear.jpg	 6.000000	 1.000000	 6.667421e-01	 1.539548e+04	 1.539748e+04	 33.000000
koala.jpg	 6.000000	 1.000000	 7.364551e-01	 1.539810e+04	 1.540010e+04	 34.000000
penguin.jpg	 6.000000	 1.000000	 8.879625e-01	 1.540066e+04	 1.540266e+04	 35.000000
horse.jpg	 6.000000	 1.000000	 6.790595e-01	 1.540325e+04	 1.540525e+04	 36.000000
llama.jpg	 6.000000	 0.000000	 	 1.540583e+04	 1.540783e+04	 37.000000
penguin.jpg	 6.000000	 1.000000	 6.457952e-01	 1.540840e+04	 1.541040e+04	 38.000000
kangaroo.jpg	 1.000000	 0.000000	 	 1.541099e+04	 1.541299e+04	 39.000000
lion.jpg	 3.000000	 0.000000	 	 1.541357e+04	 1.541557e+04	 40.000000
flamingo.jpg	 6.000000	 1.000000	 6.749813e-01	 1.541614e+04	 1.541814e+04	 41.000000
rabbit.jpg	 6.000000	 1.000000	 6.987697e-01	 1.541871e+04	 1.542071e+04	 42.000000
tortoise.jpg	 6.000000	 1.000000	 6.575624e-01	 1.542129e+04	 1.542329e+04	 43.000000
pig.jpg	 3.000000	 1.000000	 7.209386e-01	 1.542386e+04	 1.542586e+04	 44.000000
lion.jpg	 3.000000	 1.000000	 7.289846e-01	 1.542643e+04	 1.542843e+04	 45.000000
wolf.jpg	 3.000000	 0.000000	 	 1.542902e+04	 1.543102e+04	 46.000000
cat.jpg	 1.000000	 0.000000	 	 1.543160e+04	 1.543360e+04	 47.000000
horse.jpg	 6.000000	 1.000000	 7.260769e-01	 1.543417e+04	 1.543617e+04	 48.000000
moose.jpg	 1.000000	 0.000000	 	 1.543675e+04	 1.543875e+04	 49.000000
rhino.jpg	 6.000000	 1.000000	 1.229144e+00	 1.543932e+04	 1.544132e+04	 50.000000
rhino.jpg	 6.000000	 1.000000	 6.125657e-01	 1.544189e+04	 1.544389e+04	 51.000000
rabbit.jpg	 6.000000	 1.000000	 5.720618e-01	 1.544446e+04	 1.544646e+04	 52.000000
wolf.jpg	 3.000000	 1.000000	 7.315764e-01	 1.544703e+04	 1.544903e+04	 53.000000
zebra.jpg	 6.000000	 1.000000	 6.267797e-01	 1.544961e+04	 1.545161e+04	 54.000000
flamingo.jpg	 6.000000	 1.000000	 7.621360e-01	 1.545218e+04	 1.545418e+04	 55.000000
rabbit.jpg	 6.000000	 1.000000	 6.653632e-01	 1.545477e+04	 1.545677e+04	 56.000000
llama.jpg	 6.000000	 1.000000	 9.047822e-01	 1.545734e+04	 1.545934e+04	 57.000000
zebra.jpg	 6.000000	 1.000000	 7.361778e-01	 1.545990e+04	 1.546190e+04	 58.000000
zebra.jpg	 6.000000	 1.000000	 5.280758e-01	 1.546247e+04	 1.546447e+04	 59.000000
camel.jpg	 3.000000	 0.000000	 	 1.546506e+04	 1.546706e+04	 60.000000
wolf.jpg	 3.000000	 1.000000	 7.023846e-01	 1.546763e+04	 1.546963e+04	 61.000000
cow.jpg	 1.000000	 0.000000	 	 1.547021e+04	 1.547221e+04	 62.000000
camel.jpg	 3.000000	 1.000000	 6.853925e-01	 1.547278e+04	 1.547478e+04	 63.000000
flamingo.jpg	 6.000000	 1.000000	 7.486785e-01	 1.547535e+04	 1.547735e+04	 64.000000
flamingo.jpg	 6.000000	 1.000000	 7.402335e-01	 1.547792e+04	 1.547992e+04	 65.000000
tortoise.jpg	 6.000000	 1.000000	 6.760052e-01	 1.548048e+04	 1.548248e+04	 66.000000
rhino.jpg	 6.000000	 1.000000	 7.955800e-01	 1.548305e+04	 1.548505e+04	 67.000000
llama.jpg	 6.000000	 0.000000	 	 1.548562e+04	 1.548762e+04	 68.000000
flamingo.jpg	 6.000000	 1.000000	 1.066552e+00	 1.548819e+04	 1.549019e+04	 69.000000
koala.jpg	 6.000000	 1.000000	 9.457677e-01	 1.549077e+04	 1.549277e+04	 70.000000
penguin.jpg	 6.000000	 1.000000	 6.650721e-01	 1.549334e+04	 1.549534e+04	 71.000000
gorilla.jpg	 3.000000	 1.000000	 7.207103e-01	 1.549591e+04	 1.549791e+04	 72.000000
llama.jpg	 6.000000	 1.000000	 7.128241e-01	 1.549848e+04	 1.550048e+04	 73.000000
horse.jpg	 6.000000	 1.000000	 1.048050e+00	 1.550105e+04	 1.550305e+04	 74.000000
brown_bear.jpg	 6.000000	 1.000000	 5.918814e-01	 1.550362e+04	 1.550562e+04	 75.000000
brown_bear.jpg	 6.000000	 1.000000	 6.466293e-01	 1.550620e+04	 1.550820e+04	 76.000000
camel.jpg	 3.000000	 1.000000	 6.941884e-01	 1.550877e+04	 1.551077e+04	 77.000000
llama.jpg	 6.000000	 1.000000	 5.811081e-01	 1.551135e+04	 1.551335e+04	 78.000000
seal.jpg	 3.000000	 1.000000	 9.727204e-01	 1.551392e+04	 1.551592e+04	 79.000000
llama.jpg	 6.000000	 1.000000	 6.363664e-01	 1.551649e+04	 1.551849e+04	 80.000000
rhino.jpg	 6.000000	 1.000000	 6.598872e-01	 1.551906e+04	 1.552106e+04	 81.000000
lion.jpg	 3.000000	 1.000000	 6.671393e-01	 1.552164e+04	 1.552364e+04	 82.000000
elephantafrican.jpg	 3.000000	 0.000000	 	 1.552423e+04	 1.552623e+04	 83.000000
brown_bear.jpg	 6.000000	 1.000000	 6.967529e-01	 1.552681e+04	 1.552881e+04	 84.000000
pig.jpg	 3.000000	 1.000000	 6.243786e-01	 1.552938e+04	 1.553138e+04	 85.000000
hippo.jpg	 1.000000	 1.000000	 8.795773e-01	 1.553197e+04	 1.553397e+04	 86.000000
elephantafrican.jpg	 3.000000	 1.000000	 1.294929e+00	 1.553454e+04	 1.553654e+04	 87.000000
penguin.jpg	 6.000000	 1.000000	 1.358623e+00	 1.553711e+04	 1.553911e+04	 88.000000
koala.jpg	 6.000000	 1.000000	 1.310258e+00	 1.553967e+04	 1.554167e+04	 89.000000
skunk.jpg	 3.000000	 1.000000	 8.059987e-01	 1.554224e+04	 1.554424e+04	 90.000000
ram.jpg	 1.000000	 0.000000	 	 1.554483e+04	 1.554683e+04	 91.000000
koala.jpg	 6.000000	 1.000000	 7.326518e-01	 1.554740e+04	 1.554940e+04	 92.000000
skunk.jpg	 3.000000	 1.000000	 7.639829e-01	 1.554996e+04	 1.555196e+04	 93.000000
penguin.jpg	 6.000000	 1.000000	 1.291754e+00	 1.555253e+04	 1.555453e+04	 94.000000
seal.jpg	 3.000000	 1.000000	 1.107097e+00	 1.555510e+04	 1.555710e+04	 95.000000
mouse.jpg	 3.000000	 1.000000	 8.823308e-01	 1.555769e+04	 1.555969e+04	 96.000000
elephantafrican.jpg	 3.000000	 1.000000	 1.241413e+00	 1.556027e+04	 1.556227e+04	 97.000000
tortoise.jpg	 6.000000	 1.000000	 7.846931e-01	 1.556284e+04	 1.556484e+04	 98.000000
horse.jpg	 6.000000	 1.000000	 7.204675e-01	 1.556541e+04	 1.556741e+04	 99.000000
tortoise.jpg	 6.000000	 1.000000	 6.473026e-01	 1.556799e+04	 1.556999e+04	 100.000000
