lion.jpg	 6.000000	 0.000000	 	 1.669120e+04	 1.669320e+04	 1.000000
skunk.jpg	 6.000000	 0.000000	 	 1.669378e+04	 1.669578e+04	 2.000000
moose.jpg	 3.000000	 0.000000	 	 1.669637e+04	 1.669837e+04	 3.000000
skunk.jpg	 6.000000	 0.000000	 	 1.669895e+04	 1.670095e+04	 4.000000
horse.jpg	 1.000000	 0.000000	 	 1.670154e+04	 1.670354e+04	 5.000000
pig.jpg	 6.000000	 0.000000	 	 1.670412e+04	 1.670612e+04	 6.000000
cow.jpg	 3.000000	 0.000000	 	 1.670671e+04	 1.670871e+04	 7.000000
elephantafrican.jpg	 6.000000	 0.000000	 	 1.670929e+04	 1.671129e+04	 8.000000
mouse.jpg	 6.000000	 0.000000	 	 1.671188e+04	 1.671388e+04	 9.000000
elephantafrican.jpg	 6.000000	 0.000000	 	 1.671446e+04	 1.671646e+04	 10.000000
leopard.jpg	 3.000000	 0.000000	 	 1.671705e+04	 1.671905e+04	 11.000000
koala.jpg	 1.000000	 0.000000	 	 1.671963e+04	 1.672163e+04	 12.000000
wolf.jpg	 6.000000	 0.000000	 	 1.672222e+04	 1.672422e+04	 13.000000
macaw.jpg	 3.000000	 0.000000	 	 1.672480e+04	 1.672680e+04	 14.000000
pig.jpg	 6.000000	 0.000000	 	 1.672739e+04	 1.672939e+04	 15.000000
lion.jpg	 6.000000	 0.000000	 	 1.672996e+04	 1.673196e+04	 16.000000
cat.jpg	 3.000000	 0.000000	 	 1.673254e+04	 1.673454e+04	 17.000000
gorilla.jpg	 6.000000	 0.000000	 	 1.673513e+04	 1.673713e+04	 18.000000
lion.jpg	 6.000000	 1.000000	 1.474560e+00	 1.673771e+04	 1.673971e+04	 19.000000
gorilla.jpg	 6.000000	 1.000000	 9.611803e-01	 1.674030e+04	 1.674230e+04	 20.000000
cow.jpg	 3.000000	 1.000000	 8.815062e-01	 1.674286e+04	 1.674486e+04	 21.000000
moose.jpg	 3.000000	 1.000000	 8.004054e-01	 1.674545e+04	 1.674745e+04	 22.000000
panda.jpg	 3.000000	 0.000000	 	 1.674803e+04	 1.675003e+04	 23.000000
seal.jpg	 6.000000	 1.000000	 1.085946e+00	 1.675062e+04	 1.675262e+04	 24.000000
dolphin.jpg	 6.000000	 0.000000	 	 1.675320e+04	 1.675520e+04	 25.000000
pig.jpg	 6.000000	 1.000000	 9.002954e-01	 1.675577e+04	 1.675777e+04	 26.000000
pig.jpg	 6.000000	 1.000000	 8.433637e-01	 1.675836e+04	 1.676036e+04	 27.000000
skunk.jpg	 6.000000	 1.000000	 8.822444e-01	 1.676094e+04	 1.676294e+04	 28.000000
elephantafrican.jpg	 6.000000	 1.000000	 8.172187e-01	 1.676353e+04	 1.676553e+04	 29.000000
cat.jpg	 3.000000	 1.000000	 1.208305e+00	 1.676611e+04	 1.676811e+04	 30.000000
elephantafrican.jpg	 6.000000	 1.000000	 7.911146e-01	 1.676870e+04	 1.677070e+04	 31.000000
pig.jpg	 6.000000	 1.000000	 8.623963e-01	 1.677128e+04	 1.677328e+04	 32.000000
ram.jpg	 3.000000	 0.000000	 	 1.677387e+04	 1.677587e+04	 33.000000
kangaroo.jpg	 3.000000	 0.000000	 	 1.677645e+04	 1.677845e+04	 34.000000
elephantafrican.jpg	 6.000000	 1.000000	 7.546677e-01	 1.677904e+04	 1.678104e+04	 35.000000
dolphin.jpg	 6.000000	 1.000000	 1.314542e+00	 1.678161e+04	 1.678361e+04	 36.000000
gorilla.jpg	 6.000000	 1.000000	 1.025738e+00	 1.678419e+04	 1.678619e+04	 37.000000
seal.jpg	 6.000000	 1.000000	 1.368202e+00	 1.678678e+04	 1.678878e+04	 38.000000
wolf.jpg	 6.000000	 0.000000	 	 1.678936e+04	 1.679136e+04	 39.000000
macaw.jpg	 3.000000	 1.000000	 8.541644e-01	 1.679195e+04	 1.679395e+04	 40.000000
mouse.jpg	 6.000000	 1.000000	 9.328644e-01	 1.679453e+04	 1.679653e+04	 41.000000
seal.jpg	 6.000000	 1.000000	 8.689210e-01	 1.679710e+04	 1.679910e+04	 42.000000
penguin.jpg	 1.000000	 0.000000	 	 1.679969e+04	 1.680169e+04	 43.000000
wolf.jpg	 6.000000	 1.000000	 9.704155e-01	 1.680227e+04	 1.680427e+04	 44.000000
cat.jpg	 3.000000	 1.000000	 1.017736e+00	 1.680486e+04	 1.680686e+04	 45.000000
elephantafrican.jpg	 6.000000	 1.000000	 8.562115e-01	 1.680744e+04	 1.680944e+04	 46.000000
gorilla.jpg	 6.000000	 1.000000	 7.520996e-01	 1.681001e+04	 1.681201e+04	 47.000000
duck.jpg	 3.000000	 1.000000	 5.270318e-01	 1.681259e+04	 1.681459e+04	 48.000000
cow.jpg	 3.000000	 1.000000	 7.902826e-01	 1.681518e+04	 1.681718e+04	 49.000000
camel.jpg	 6.000000	 0.000000	 	 1.681776e+04	 1.681976e+04	 50.000000
kangaroo.jpg	 3.000000	 1.000000	 1.059598e+00	 1.682035e+04	 1.682235e+04	 51.000000
wolf.jpg	 6.000000	 1.000000	 8.026896e-01	 1.682293e+04	 1.682493e+04	 52.000000
flamingo.jpg	 1.000000	 1.000000	 6.500303e-01	 1.682552e+04	 1.682752e+04	 53.000000
dolphin.jpg	 6.000000	 1.000000	 1.424538e+00	 1.682810e+04	 1.683010e+04	 54.000000
dolphin.jpg	 6.000000	 1.000000	 9.279187e-01	 1.683067e+04	 1.683267e+04	 55.000000
mouse.jpg	 6.000000	 1.000000	 7.122785e-01	 1.683324e+04	 1.683524e+04	 56.000000
seal.jpg	 6.000000	 1.000000	 7.672937e-01	 1.683581e+04	 1.683781e+04	 57.000000
rabbit.jpg	 1.000000	 0.000000	 	 1.683839e+04	 1.684039e+04	 58.000000
lion.jpg	 6.000000	 1.000000	 9.091607e-01	 1.684098e+04	 1.684298e+04	 59.000000
pig.jpg	 6.000000	 1.000000	 8.524406e-01	 1.684357e+04	 1.684557e+04	 60.000000
dolphin.jpg	 6.000000	 1.000000	 9.475138e-01	 1.684613e+04	 1.684813e+04	 61.000000
gorilla.jpg	 6.000000	 1.000000	 8.265630e-01	 1.684872e+04	 1.685072e+04	 62.000000
panda.jpg	 3.000000	 1.000000	 7.621584e-01	 1.685129e+04	 1.685329e+04	 63.000000
kangaroo.jpg	 3.000000	 1.000000	 9.133652e-01	 1.685387e+04	 1.685587e+04	 64.000000
ram.jpg	 3.000000	 1.000000	 1.088555e+00	 1.685646e+04	 1.685846e+04	 65.000000
seal.jpg	 6.000000	 1.000000	 9.201723e-01	 1.685903e+04	 1.686103e+04	 66.000000
duck.jpg	 3.000000	 1.000000	 1.207373e+00	 1.686159e+04	 1.686359e+04	 67.000000
skunk.jpg	 6.000000	 1.000000	 1.086631e+00	 1.686418e+04	 1.686618e+04	 68.000000
brown_bear.jpg	 1.000000	 0.000000	 	 1.686676e+04	 1.686876e+04	 69.000000
skunk.jpg	 6.000000	 1.000000	 5.564781e-01	 1.686935e+04	 1.687135e+04	 70.000000
lion.jpg	 6.000000	 1.000000	 6.030568e-01	 1.687193e+04	 1.687393e+04	 71.000000
rhino.jpg	 1.000000	 1.000000	 5.223716e-01	 1.687452e+04	 1.687652e+04	 72.000000
camel.jpg	 6.000000	 1.000000	 1.009349e+00	 1.687710e+04	 1.687910e+04	 73.000000
wolf.jpg	 6.000000	 1.000000	 1.008398e+00	 1.687969e+04	 1.688169e+04	 74.000000
camel.jpg	 6.000000	 1.000000	 1.110945e+00	 1.688227e+04	 1.688427e+04	 75.000000
moose.jpg	 3.000000	 1.000000	 1.102241e+00	 1.688486e+04	 1.688686e+04	 76.000000
seal.jpg	 6.000000	 1.000000	 8.055338e-01	 1.688743e+04	 1.688943e+04	 77.000000
leopard.jpg	 3.000000	 1.000000	 5.561791e-01	 1.689001e+04	 1.689201e+04	 78.000000
gorilla.jpg	 6.000000	 1.000000	 4.676411e-01	 1.689260e+04	 1.689460e+04	 79.000000
camel.jpg	 6.000000	 1.000000	 9.145070e-01	 1.689518e+04	 1.689718e+04	 80.000000
duck.jpg	 3.000000	 1.000000	 1.137912e+00	 1.689775e+04	 1.689975e+04	 81.000000
camel.jpg	 6.000000	 1.000000	 1.176665e+00	 1.690034e+04	 1.690234e+04	 82.000000
mouse.jpg	 6.000000	 1.000000	 9.601527e-01	 1.690292e+04	 1.690492e+04	 83.000000
skunk.jpg	 6.000000	 1.000000	 7.915683e-01	 1.690549e+04	 1.690749e+04	 84.000000
wolf.jpg	 6.000000	 1.000000	 5.180073e-01	 1.690807e+04	 1.691007e+04	 85.000000
mouse.jpg	 6.000000	 1.000000	 6.300461e-01	 1.691064e+04	 1.691264e+04	 86.000000
llama.jpg	 1.000000	 1.000000	 6.526876e-01	 1.691323e+04	 1.691523e+04	 87.000000
ram.jpg	 3.000000	 1.000000	 1.433237e-04	 1.691581e+04	 1.691781e+04	 88.000000
mouse.jpg	 6.000000	 1.000000	 1.170440e+00	 1.691840e+04	 1.692040e+04	 89.000000
tortoise.jpg	 1.000000	 0.000000	 	 1.692098e+04	 1.692298e+04	 90.000000
panda.jpg	 3.000000	 1.000000	 7.212444e-01	 1.692355e+04	 1.692555e+04	 91.000000
camel.jpg	 6.000000	 1.000000	 7.601558e-01	 1.692614e+04	 1.692814e+04	 92.000000
zebra.jpg	 1.000000	 1.000000	 1.471102e+00	 1.692872e+04	 1.693072e+04	 93.000000
dolphin.jpg	 6.000000	 1.000000	 1.006434e+00	 1.693131e+04	 1.693331e+04	 94.000000
macaw.jpg	 3.000000	 1.000000	 8.528294e-01	 1.693389e+04	 1.693589e+04	 95.000000
hippo.jpg	 3.000000	 0.000000	 	 1.693648e+04	 1.693848e+04	 96.000000
hippo.jpg	 3.000000	 1.000000	 1.323011e+00	 1.693906e+04	 1.694106e+04	 97.000000
lion.jpg	 6.000000	 1.000000	 8.420988e-01	 1.694165e+04	 1.694365e+04	 98.000000
hippo.jpg	 3.000000	 1.000000	 6.087194e-01	 1.694423e+04	 1.694623e+04	 99.000000
leopard.jpg	 3.000000	 1.000000	 6.637506e-01	 1.694682e+04	 1.694882e+04	 100.000000
