horse.jpg	 862	 654	 6.338450e+00	 18.000000	 2.131430e+03	 2.138284e+03
koala.jpg	 596	 767	 1.465638e+01	 35.000000	 2.138967e+03	 2.154128e+03
gorilla.jpg	 435	 628	 3.698142e+00	 13.000000	 2.154961e+03	 2.159164e+03
llama.jpg	 356	 813	 6.694136e+00	 32.000000	 2.159815e+03	 2.167020e+03
rabbit.jpg	 933	 807	 6.463683e+00	 39.000000	 2.167720e+03	 2.174692e+03
dolphin.jpg	 756	 629	 1.008486e+01	 17.000000	 2.175392e+03	 2.185982e+03
cat.jpg	 358	 809	 9.746664e+00	 32.000000	 2.186733e+03	 2.196990e+03
pig.jpg	 328	 644	 2.476942e+00	 12.000000	 2.197740e+03	 2.200725e+03
seal.jpg	 1006	 723	 3.405339e+00	 30.000000	 2.201359e+03	 2.205278e+03
zebra.jpg	 1028	 658	 1.303699e+00	 20.000000	 2.205912e+03	 2.207730e+03
flamingo.jpg	 434	 727	 3.702516e+00	 23.000000	 2.208331e+03	 2.212550e+03
wolf.jpg	 907	 561	 3.348155e+00	 9.000000	 2.213201e+03	 2.217053e+03
hippo.jpg	 406	 819	 5.644393e+00	 33.000000	 2.217687e+03	 2.223841e+03
leopard.jpg	 686	 739	 2.650388e+00	 26.000000	 2.224525e+03	 2.227694e+03
elephantafrican.jpg	 421	 808	 1.479148e+00	 33.000000	 2.228327e+03	 2.230312e+03
cow.jpg	 1018	 658	 5.544068e+00	 20.000000	 2.230912e+03	 2.236966e+03
skunk.jpg	 931	 805	 3.260463e+00	 39.000000	 2.237650e+03	 2.241419e+03
tortoise.jpg	 753	 734	 5.065523e+00	 27.000000	 2.242053e+03	 2.247624e+03
panda.jpg	 422	 625	 2.570207e+00	 13.000000	 2.248291e+03	 2.251376e+03
duck.jpg	 859	 552	 3.601538e+00	 8.000000	 2.251993e+03	 2.256113e+03
ram.jpg	 1046	 531	 1.845918e+00	 10.000000	 2.256763e+03	 2.259114e+03
macaw.jpg	 428	 720	 3.930553e+00	 23.000000	 2.259732e+03	 2.264168e+03
moose.jpg	 574	 729	 1.344934e+00	 25.000000	 2.264818e+03	 2.266670e+03
rhino.jpg	 500	 815	 1.538210e+00	 34.000000	 2.267270e+03	 2.269321e+03
kangaroo.jpg	 594	 816	 1.160915e+00	 35.000000	 2.269922e+03	 2.271589e+03
brown_bear.jpg	 775	 803	 2.234884e+00	 37.000000	 2.272190e+03	 2.274942e+03
penguin.jpg	 677	 807	 1.950515e+00	 36.000000	 2.275559e+03	 2.278027e+03
camel.jpg	 934	 740	 3.576588e+00	 29.000000	 2.278644e+03	 2.282730e+03
lion.jpg	 509	 643	 3.866968e+00	 14.000000	 2.283364e+03	 2.287734e+03
mouse.jpg	 323	 824	 5.231443e+00	 32.000000	 2.288384e+03	 2.294121e+03
seal.jpg	 413	 583	 3.928757e+00	 3.000000	 2.294789e+03	 2.299225e+03
mouse.jpg	 420	 573	 8.854574e-01	 3.000000	 2.299875e+03	 2.301276e+03
panda.jpg	 454	 722	 5.964063e+00	 23.000000	 2.301877e+03	 2.308348e+03
dolphin.jpg	 1009	 803	 1.152752e+01	 40.000000	 2.309031e+03	 2.321073e+03
lion.jpg	 280	 715	 5.173997e+00	 21.000000	 2.321857e+03	 2.327544e+03
camel.jpg	 761	 643	 3.337754e+00	 17.000000	 2.328211e+03	 2.332064e+03
duck.jpg	 756	 737	 2.231168e+00	 27.000000	 2.332697e+03	 2.335432e+03
kangaroo.jpg	 836	 710	 1.816965e+00	 28.000000	 2.336050e+03	 2.338384e+03
wolf.jpg	 573	 562	 5.654091e+00	 5.000000	 2.339002e+03	 2.345172e+03
mouse.jpg	 328	 558	 1.362649e+00	 2.000000	 2.345856e+03	 2.347724e+03
seal.jpg	 267	 580	 5.611140e+00	 1.000000	 2.348324e+03	 2.354445e+03
elephantafrican.jpg	 434	 806	 2.245801e+00	 33.000000	 2.355129e+03	 2.357881e+03
dolphin.jpg	 577	 537	 8.884977e+00	 5.000000	 2.358498e+03	 2.367888e+03
camel.jpg	 886	 696	 3.655787e+00	 28.000000	 2.368621e+03	 2.372791e+03
camel.jpg	 844	 717	 9.774308e-01	 28.000000	 2.373441e+03	 2.374925e+03
wolf.jpg	 588	 730	 2.342545e+00	 25.000000	 2.375526e+03	 2.378378e+03
wolf.jpg	 577	 708	 1.230939e+00	 25.000000	 2.378995e+03	 2.380729e+03
cat.jpg	 265	 632	 2.455098e+00	 11.000000	 2.381330e+03	 2.384299e+03
gorilla.jpg	 910	 631	 2.484624e+00	 19.000000	 2.384916e+03	 2.387918e+03
pig.jpg	 422	 565	 4.409406e+00	 3.000000	 2.388535e+03	 2.393455e+03
seal.jpg	 435	 725	 8.211775e+00	 23.000000	 2.394105e+03	 2.402827e+03
elephantafrican.jpg	 419	 820	 1.554055e+00	 33.000000	 2.403545e+03	 2.405613e+03
cow.jpg	 676	 638	 5.262181e+00	 16.000000	 2.406213e+03	 2.411984e+03
duck.jpg	 344	 634	 5.144646e+00	 12.000000	 2.412651e+03	 2.418305e+03
mouse.jpg	 598	 793	 5.435956e+00	 35.000000	 2.418972e+03	 2.424926e+03
pig.jpg	 606	 563	 6.491684e+00	 5.000000	 2.425610e+03	 2.432614e+03
elephantafrican.jpg	 439	 810	 1.726680e+00	 33.000000	 2.433315e+03	 2.435550e+03
gorilla.jpg	 933	 643	 2.480046e+00	 19.000000	 2.436167e+03	 2.439152e+03
ram.jpg	 1009	 724	 3.275098e+00	 30.000000	 2.439786e+03	 2.443571e+03
camel.jpg	 511	 649	 3.616041e+00	 14.000000	 2.444205e+03	 2.448325e+03
seal.jpg	 590	 574	 3.466491e+00	 5.000000	 2.448959e+03	 2.452928e+03
lion.jpg	 320	 638	 7.075701e+00	 12.000000	 2.453562e+03	 2.461150e+03
pig.jpg	 421	 553	 1.971851e+00	 3.000000	 2.461850e+03	 2.464335e+03
pig.jpg	 414	 572	 1.214057e+00	 3.000000	 2.464953e+03	 2.466670e+03
kangaroo.jpg	 779	 544	 1.762218e+00	 7.000000	 2.467271e+03	 2.469539e+03
skunk.jpg	 364	 629	 3.858759e+00	 12.000000	 2.470156e+03	 2.474526e+03
skunk.jpg	 338	 646	 1.930569e+00	 12.000000	 2.475176e+03	 2.477611e+03
mouse.jpg	 349	 639	 2.019907e+00	 12.000000	 2.478228e+03	 2.480763e+03
pig.jpg	 577	 565	 2.106150e+00	 5.000000	 2.481380e+03	 2.483999e+03
wolf.jpg	 761	 729	 2.314555e+00	 27.000000	 2.484616e+03	 2.487434e+03
elephantafrican.jpg	 436	 805	 1.267814e+00	 33.000000	 2.488051e+03	 2.489836e+03
dolphin.jpg	 762	 710	 2.862691e+00	 27.000000	 2.490436e+03	 2.493805e+03
elephantafrican.jpg	 412	 823	 1.443354e+00	 33.000000	 2.494439e+03	 2.496390e+03
skunk.jpg	 241	 723	 2.541552e+00	 21.000000	 2.497007e+03	 2.500059e+03
gorilla.jpg	 960	 643	 1.461741e+00	 19.000000	 2.500677e+03	 2.502644e+03
macaw.jpg	 353	 645	 1.777724e+00	 12.000000	 2.503245e+03	 2.505530e+03
hippo.jpg	 280	 555	 2.456413e+00	 1.000000	 2.506130e+03	 2.509099e+03
dolphin.jpg	 291	 788	 3.104980e+00	 31.000000	 2.509716e+03	 2.513335e+03
skunk.jpg	 596	 557	 2.164786e+00	 5.000000	 2.513969e+03	 2.516637e+03
hippo.jpg	 256	 561	 1.543800e+00	 1.000000	 2.517254e+03	 2.519305e+03
leopard.jpg	 835	 564	 2.463762e+00	 8.000000	 2.519923e+03	 2.522891e+03
gorilla.jpg	 926	 638	 3.760800e+00	 19.000000	 2.523509e+03	 2.527778e+03
seal.jpg	 589	 557	 1.457478e+00	 5.000000	 2.528412e+03	 2.530380e+03
skunk.jpg	 339	 637	 5.166531e+00	 12.000000	 2.530980e+03	 2.536651e+03
ram.jpg	 762	 568	 3.569707e+00	 7.000000	 2.537318e+03	 2.541404e+03
macaw.jpg	 341	 557	 2.269994e+00	 2.000000	 2.542038e+03	 2.544823e+03
lion.jpg	 505	 651	 2.013521e+00	 14.000000	 2.545440e+03	 2.547958e+03
lion.jpg	 511	 651	 1.416138e+00	 14.000000	 2.548575e+03	 2.550510e+03
dolphin.jpg	 837	 576	 4.618874e+00	 8.000000	 2.551110e+03	 2.556247e+03
moose.jpg	 675	 791	 5.474751e+00	 36.000000	 2.556914e+03	 2.562901e+03
camel.jpg	 413	 656	 5.873454e+00	 13.000000	 2.563585e+03	 2.569973e+03
leopard.jpg	 413	 538	 2.547905e+00	 3.000000	 2.570657e+03	 2.573709e+03
panda.jpg	 326	 723	 2.644287e+00	 22.000000	 2.574343e+03	 2.577495e+03
lion.jpg	 501	 642	 1.449090e+00	 14.000000	 2.578112e+03	 2.580063e+03
wolf.jpg	 446	 715	 3.044910e+00	 23.000000	 2.580664e+03	 2.584216e+03
mouse.jpg	 348	 646	 1.387068e+00	 12.000000	 2.584850e+03	 2.586751e+03
cat.jpg	 247	 657	 2.003092e+00	 11.000000	 2.587351e+03	 2.589869e+03
moose.jpg	 594	 798	 4.086796e+00	 35.000000	 2.590487e+03	 2.595090e+03
cow.jpg	 694	 660	 2.292168e+00	 16.000000	 2.595740e+03	 2.598542e+03
gorilla.jpg	 942	 646	 1.177635e+00	 19.000000	 2.599159e+03	 2.600844e+03
