brown_bear.jpg	 6.000000	 1.000000	 1.695203e+00	 3.513227e+03	 3.515228e+03	 1.000000
llama.jpg	 6.000000	 0.000000	 	 3.515807e+03	 3.517807e+03	 2.000000
brown_bear.jpg	 6.000000	 0.000000	 	 3.518392e+03	 3.520392e+03	 3.000000
horse.jpg	 6.000000	 1.000000	 1.041135e+00	 3.520977e+03	 3.522978e+03	 4.000000
tortoise.jpg	 6.000000	 1.000000	 7.837710e-01	 3.523563e+03	 3.525563e+03	 5.000000
mouse.jpg	 3.000000	 1.000000	 7.117206e-01	 3.526131e+03	 3.528131e+03	 6.000000
skunk.jpg	 3.000000	 1.000000	 6.638389e-01	 3.528699e+03	 3.530700e+03	 7.000000
zebra.jpg	 6.000000	 1.000000	 6.788113e-01	 3.531268e+03	 3.533268e+03	 8.000000
flamingo.jpg	 6.000000	 1.000000	 6.147696e-01	 3.533836e+03	 3.535836e+03	 9.000000
cat.jpg	 1.000000	 1.000000	 8.624460e-01	 3.536404e+03	 3.538404e+03	 10.000000
llama.jpg	 6.000000	 0.000000	 	 3.538973e+03	 3.540973e+03	 11.000000
seal.jpg	 3.000000	 1.000000	 8.613673e-01	 3.541541e+03	 3.543541e+03	 12.000000
ram.jpg	 1.000000	 1.000000	 7.968625e-01	 3.544110e+03	 3.546110e+03	 13.000000
penguin.jpg	 6.000000	 1.000000	 9.885380e-01	 3.546678e+03	 3.548678e+03	 14.000000
brown_bear.jpg	 6.000000	 0.000000	 	 3.549263e+03	 3.551263e+03	 15.000000
penguin.jpg	 6.000000	 0.000000	 	 3.551831e+03	 3.553832e+03	 16.000000
brown_bear.jpg	 6.000000	 0.000000	 	 3.554400e+03	 3.556400e+03	 17.000000
tortoise.jpg	 6.000000	 0.000000	 	 3.556968e+03	 3.558968e+03	 18.000000
rhino.jpg	 6.000000	 1.000000	 7.935727e-01	 3.559553e+03	 3.561553e+03	 19.000000
duck.jpg	 1.000000	 1.000000	 7.763768e-01	 3.562138e+03	 3.564138e+03	 20.000000
seal.jpg	 3.000000	 0.000000	 	 3.564707e+03	 3.566707e+03	 21.000000
horse.jpg	 6.000000	 0.000000	 	 3.567292e+03	 3.569292e+03	 22.000000
rabbit.jpg	 6.000000	 1.000000	 6.786506e-01	 3.569860e+03	 3.571860e+03	 23.000000
penguin.jpg	 6.000000	 0.000000	 	 3.572428e+03	 3.574429e+03	 24.000000
horse.jpg	 6.000000	 0.000000	 	 3.574997e+03	 3.576997e+03	 25.000000
rabbit.jpg	 6.000000	 0.000000	 	 3.577582e+03	 3.579582e+03	 26.000000
flamingo.jpg	 6.000000	 0.000000	 	 3.580167e+03	 3.582167e+03	 27.000000
llama.jpg	 6.000000	 0.000000	 	 3.582735e+03	 3.584735e+03	 28.000000
dolphin.jpg	 3.000000	 1.000000	 7.706709e-01	 3.585304e+03	 3.587304e+03	 29.000000
rabbit.jpg	 6.000000	 0.000000	 	 3.587872e+03	 3.589872e+03	 30.000000
zebra.jpg	 6.000000	 0.000000	 	 3.590457e+03	 3.592457e+03	 31.000000
elephantafrican.jpg	 3.000000	 1.000000	 7.287130e-01	 3.593026e+03	 3.595026e+03	 32.000000
macaw.jpg	 1.000000	 1.000000	 6.004777e-01	 3.595594e+03	 3.597594e+03	 33.000000
koala.jpg	 6.000000	 1.000000	 8.078200e-01	 3.598162e+03	 3.600163e+03	 34.000000
horse.jpg	 6.000000	 0.000000	 	 3.600731e+03	 3.602731e+03	 35.000000
skunk.jpg	 3.000000	 0.000000	 	 3.603299e+03	 3.605299e+03	 36.000000
flamingo.jpg	 6.000000	 0.000000	 	 3.605868e+03	 3.607868e+03	 37.000000
tortoise.jpg	 6.000000	 0.000000	 	 3.608436e+03	 3.610436e+03	 38.000000
wolf.jpg	 3.000000	 1.000000	 7.100235e-01	 3.611004e+03	 3.613004e+03	 39.000000
panda.jpg	 1.000000	 1.000000	 6.059625e-01	 3.613573e+03	 3.615573e+03	 40.000000
rhino.jpg	 6.000000	 0.000000	 	 3.616141e+03	 3.618141e+03	 41.000000
gorilla.jpg	 3.000000	 1.000000	 7.654000e-01	 3.618709e+03	 3.620710e+03	 42.000000
zebra.jpg	 6.000000	 0.000000	 	 3.621278e+03	 3.623278e+03	 43.000000
rhino.jpg	 6.000000	 0.000000	 	 3.623863e+03	 3.625863e+03	 44.000000
dolphin.jpg	 3.000000	 0.000000	 	 3.626431e+03	 3.628431e+03	 45.000000
mouse.jpg	 3.000000	 0.000000	 	 3.629000e+03	 3.631000e+03	 46.000000
brown_bear.jpg	 6.000000	 0.000000	 	 3.631568e+03	 3.633568e+03	 47.000000
zebra.jpg	 6.000000	 0.000000	 	 3.634153e+03	 3.636153e+03	 48.000000
lion.jpg	 3.000000	 1.000000	 7.133109e-01	 3.636722e+03	 3.638722e+03	 49.000000
dolphin.jpg	 3.000000	 0.000000	 	 3.639307e+03	 3.641307e+03	 50.000000
rhino.jpg	 6.000000	 0.000000	 	 3.641875e+03	 3.643875e+03	 51.000000
rabbit.jpg	 6.000000	 0.000000	 	 3.644443e+03	 3.646443e+03	 52.000000
flamingo.jpg	 6.000000	 0.000000	 	 3.647012e+03	 3.649012e+03	 53.000000
camel.jpg	 3.000000	 1.000000	 6.864535e-01	 3.649580e+03	 3.651580e+03	 54.000000
flamingo.jpg	 6.000000	 0.000000	 	 3.652149e+03	 3.654149e+03	 55.000000
penguin.jpg	 6.000000	 0.000000	 	 3.654717e+03	 3.656717e+03	 56.000000
pig.jpg	 3.000000	 1.000000	 8.136332e-01	 3.657285e+03	 3.659286e+03	 57.000000
pig.jpg	 3.000000	 0.000000	 	 3.659854e+03	 3.661854e+03	 58.000000
zebra.jpg	 6.000000	 0.000000	 	 3.662422e+03	 3.664422e+03	 59.000000
camel.jpg	 3.000000	 0.000000	 	 3.665007e+03	 3.667007e+03	 60.000000
mouse.jpg	 3.000000	 0.000000	 	 3.667576e+03	 3.669576e+03	 61.000000
tortoise.jpg	 6.000000	 0.000000	 	 3.670144e+03	 3.672144e+03	 62.000000
lion.jpg	 3.000000	 0.000000	 	 3.672729e+03	 3.674729e+03	 63.000000
horse.jpg	 6.000000	 0.000000	 	 3.675297e+03	 3.677298e+03	 64.000000
hippo.jpg	 1.000000	 1.000000	 8.088029e-01	 3.677866e+03	 3.679866e+03	 65.000000
rabbit.jpg	 6.000000	 0.000000	 	 3.680434e+03	 3.682434e+03	 66.000000
penguin.jpg	 6.000000	 0.000000	 	 3.683003e+03	 3.685003e+03	 67.000000
seal.jpg	 3.000000	 0.000000	 	 3.685571e+03	 3.687571e+03	 68.000000
koala.jpg	 6.000000	 0.000000	 	 3.688139e+03	 3.690139e+03	 69.000000
tortoise.jpg	 6.000000	 0.000000	 	 3.690724e+03	 3.692724e+03	 70.000000
gorilla.jpg	 3.000000	 0.000000	 	 3.693309e+03	 3.695309e+03	 71.000000
elephantafrican.jpg	 3.000000	 0.000000	 	 3.695878e+03	 3.697878e+03	 72.000000
llama.jpg	 6.000000	 0.000000	 	 3.698446e+03	 3.700446e+03	 73.000000
llama.jpg	 6.000000	 0.000000	 	 3.701015e+03	 3.703015e+03	 74.000000
koala.jpg	 6.000000	 0.000000	 	 3.703583e+03	 3.705583e+03	 75.000000
wolf.jpg	 3.000000	 0.000000	 	 3.706168e+03	 3.708168e+03	 76.000000
horse.jpg	 6.000000	 0.000000	 	 3.708753e+03	 3.710753e+03	 77.000000
rabbit.jpg	 6.000000	 0.000000	 	 3.711322e+03	 3.713322e+03	 78.000000
penguin.jpg	 6.000000	 0.000000	 	 3.713890e+03	 3.715890e+03	 79.000000
zebra.jpg	 6.000000	 0.000000	 	 3.716458e+03	 3.718458e+03	 80.000000
brown_bear.jpg	 6.000000	 0.000000	 	 3.719027e+03	 3.721027e+03	 81.000000
pig.jpg	 3.000000	 0.000000	 	 3.721595e+03	 3.723595e+03	 82.000000
skunk.jpg	 3.000000	 0.000000	 	 3.724163e+03	 3.726164e+03	 83.000000
elephantafrican.jpg	 3.000000	 0.000000	 	 3.726732e+03	 3.728732e+03	 84.000000
lion.jpg	 3.000000	 0.000000	 	 3.729317e+03	 3.731317e+03	 85.000000
moose.jpg	 1.000000	 1.000000	 8.128655e-01	 3.731885e+03	 3.733886e+03	 86.000000
cow.jpg	 1.000000	 1.000000	 8.280831e-01	 3.734470e+03	 3.736470e+03	 87.000000
wolf.jpg	 3.000000	 0.000000	 	 3.737039e+03	 3.739039e+03	 88.000000
flamingo.jpg	 6.000000	 0.000000	 	 3.739607e+03	 3.741607e+03	 89.000000
kangaroo.jpg	 1.000000	 1.000000	 7.228995e-01	 3.742176e+03	 3.744176e+03	 90.000000
leopard.jpg	 1.000000	 1.000000	 5.621502e-01	 3.744761e+03	 3.746761e+03	 91.000000
camel.jpg	 3.000000	 0.000000	 	 3.747346e+03	 3.749346e+03	 92.000000
rhino.jpg	 6.000000	 0.000000	 	 3.749914e+03	 3.751914e+03	 93.000000
koala.jpg	 6.000000	 0.000000	 	 3.752483e+03	 3.754483e+03	 94.000000
rhino.jpg	 6.000000	 0.000000	 	 3.755051e+03	 3.757051e+03	 95.000000
llama.jpg	 6.000000	 0.000000	 	 3.757636e+03	 3.759636e+03	 96.000000
koala.jpg	 6.000000	 0.000000	 	 3.760204e+03	 3.762204e+03	 97.000000
gorilla.jpg	 3.000000	 0.000000	 	 3.762789e+03	 3.764789e+03	 98.000000
tortoise.jpg	 6.000000	 0.000000	 	 3.765358e+03	 3.767358e+03	 99.000000
koala.jpg	 6.000000	 0.000000	 	 3.767943e+03	 3.769943e+03	 100.000000
