mouse.jpg	 504	 558	 4.602167e+00	 4.000000	 1.056409e+04	 1.056921e+04
wolf.jpg	 943	 818	 4.626194e+00	 39.000000	 1.056986e+04	 1.057500e+04
horse.jpg	 345	 565	 6.480062e+00	 2.000000	 1.057565e+04	 1.058264e+04
cow.jpg	 990	 583	 1.054996e+01	 10.000000	 1.058334e+04	 1.059440e+04
moose.jpg	 1026	 557	 5.743677e+00	 10.000000	 1.059516e+04	 1.060142e+04
macaw.jpg	 334	 647	 4.284055e+00	 12.000000	 1.060210e+04	 1.060689e+04
ram.jpg	 410	 734	 1.818916e+01	 23.000000	 1.060754e+04	 1.062624e+04
leopard.jpg	 677	 799	 1.492090e+00	 36.000000	 1.062714e+04	 1.062914e+04
rabbit.jpg	 519	 816	 3.558762e+00	 34.000000	 1.062974e+04	 1.063381e+04
tortoise.jpg	 262	 805	 2.569374e+00	 31.000000	 1.063444e+04	 1.063753e+04
camel.jpg	 772	 630	 3.392760e+00	 17.000000	 1.063814e+04	 1.064205e+04
gorilla.jpg	 588	 817	 1.055759e+01	 35.000000	 1.064270e+04	 1.065377e+04
penguin.jpg	 776	 541	 2.329430e+01	 7.000000	 1.065454e+04	 1.067834e+04
duck.jpg	 768	 570	 3.789227e+00	 7.000000	 1.067934e+04	 1.068364e+04
skunk.jpg	 746	 642	 7.504949e+00	 17.000000	 1.068429e+04	 1.069231e+04
llama.jpg	 781	 627	 3.646684e+00	 17.000000	 1.069303e+04	 1.069718e+04
koala.jpg	 666	 735	 3.650756e+00	 26.000000	 1.069783e+04	 1.070200e+04
flamingo.jpg	 233	 702	 5.071177e+00	 21.000000	 1.070265e+04	 1.070824e+04
zebra.jpg	 937	 634	 4.624791e+00	 19.000000	 1.070891e+04	 1.071404e+04
dolphin.jpg	 764	 734	 6.002632e+00	 27.000000	 1.071471e+04	 1.072123e+04
rhino.jpg	 660	 634	 5.724291e+00	 16.000000	 1.072192e+04	 1.072815e+04
lion.jpg	 340	 723	 3.378925e+00	 22.000000	 1.072884e+04	 1.073272e+04
panda.jpg	 346	 754	 1.014890e+01	 22.000000	 1.073336e+04	 1.074401e+04
pig.jpg	 442	 638	 2.310832e+00	 13.000000	 1.074478e+04	 1.074760e+04
seal.jpg	 342	 554	 1.681879e+00	 2.000000	 1.074822e+04	 1.075040e+04
kangaroo.jpg	 687	 639	 5.838688e+00	 16.000000	 1.075100e+04	 1.075736e+04
elephantafrican.jpg	 857	 716	 1.775971e+00	 28.000000	 1.075804e+04	 1.076032e+04
cat.jpg	 837	 649	 3.567047e+00	 18.000000	 1.076094e+04	 1.076501e+04
hippo.jpg	 1035	 561	 1.106555e+01	 10.000000	 1.076565e+04	 1.077722e+04
brown_bear.jpg	 588	 561	 1.855983e+00	 5.000000	 1.077799e+04	 1.078036e+04
llama.jpg	 296	 697	 1.668786e+00	 21.000000	 1.078097e+04	 1.078316e+04
kangaroo.jpg	 783	 574	 6.173944e+00	 7.000000	 1.078377e+04	 1.079046e+04
cow.jpg	 992	 753	 6.764580e+00	 30.000000	 1.079115e+04	 1.079842e+04
hippo.jpg	 1040	 556	 8.164219e+00	 10.000000	 1.079912e+04	 1.080779e+04
cow.jpg	 745	 726	 3.640788e+00	 27.000000	 1.080851e+04	 1.081266e+04
cat.jpg	 839	 647	 1.498603e+00	 18.000000	 1.081331e+04	 1.081531e+04
tortoise.jpg	 255	 821	 1.499713e+00	 31.000000	 1.081591e+04	 1.081793e+04
koala.jpg	 275	 638	 5.188829e+00	 11.000000	 1.081853e+04	 1.082423e+04
duck.jpg	 436	 817	 1.024059e+01	 33.000000	 1.082490e+04	 1.083566e+04
rhino.jpg	 1022	 571	 5.572410e+00	 10.000000	 1.083643e+04	 1.084251e+04
kangaroo.jpg	 770	 574	 2.004640e+00	 7.000000	 1.084320e+04	 1.084572e+04
rabbit.jpg	 489	 807	 3.576676e+00	 34.000000	 1.084633e+04	 1.085042e+04
leopard.jpg	 679	 855	 1.620133e+00	 	 1.085105e+04	 1.085319e+04
duck.jpg	 932	 551	 6.345126e+00	 9.000000	 1.085379e+04	 1.086064e+04
macaw.jpg	 346	 655	 1.652472e+00	 12.000000	 1.086133e+04	 1.086349e+04
cow.jpg	 589	 743	 8.261073e+00	 25.000000	 1.086409e+04	 1.087287e+04
duck.jpg	 513	 747	 1.798118e+00	 24.000000	 1.087358e+04	 1.087589e+04
brown_bear.jpg	 429	 734	 8.587748e-01	 23.000000	 1.087650e+04	 1.087787e+04
hippo.jpg	 1011	 566	 3.693984e+00	 10.000000	 1.087845e+04	 1.088266e+04
ram.jpg	 747	 638	 5.732410e+00	 17.000000	 1.088331e+04	 1.088954e+04
flamingo.jpg	 587	 647	 1.317103e+00	 15.000000	 1.089023e+04	 1.089206e+04
cat.jpg	 866	 636	 1.992261e+00	 18.000000	 1.089266e+04	 1.089517e+04
zebra.jpg	 758	 771	 2.711295e+00	 37.000000	 1.089578e+04	 1.089900e+04
moose.jpg	 854	 798	 1.581816e+00	 38.000000	 1.089962e+04	 1.090170e+04
macaw.jpg	 331	 650	 1.291442e+00	 12.000000	 1.090232e+04	 1.090412e+04
hippo.jpg	 627	 630	 2.873046e+00	 15.000000	 1.090472e+04	 1.090811e+04
llama.jpg	 307	 570	 2.261751e+00	 2.000000	 1.090874e+04	 1.091151e+04
horse.jpg	 361	 568	 1.161473e+00	 2.000000	 1.091213e+04	 1.091379e+04
ram.jpg	 342	 566	 1.071906e+00	 2.000000	 1.091439e+04	 1.091598e+04
cow.jpg	 361	 564	 2.635622e+00	 2.000000	 1.091658e+04	 1.091973e+04
leopard.jpg	 691	 809	 1.832985e+00	 36.000000	 1.092037e+04	 1.092272e+04
cat.jpg	 873	 656	 1.874730e+00	 18.000000	 1.092333e+04	 1.092572e+04
ram.jpg	 367	 560	 3.197784e+00	 2.000000	 1.092634e+04	 1.093004e+04
cat.jpg	 854	 647	 1.490024e+00	 18.000000	 1.093067e+04	 1.093267e+04
cow.jpg	 330	 558	 8.452276e-01	 2.000000	 1.093327e+04	 1.093463e+04
cat.jpg	 849	 640	 1.384112e+00	 18.000000	 1.093521e+04	 1.093711e+04
macaw.jpg	 349	 641	 9.879458e-01	 12.000000	 1.093771e+04	 1.093921e+04
moose.jpg	 336	 562	 8.323654e-01	 2.000000	 1.093981e+04	 1.094116e+04
zebra.jpg	 346	 559	 7.566374e-01	 2.000000	 1.094176e+04	 1.094303e+04
moose.jpg	 339	 567	 6.570222e-01	 2.000000	 1.094363e+04	 1.094480e+04
macaw.jpg	 347	 623	 9.095671e-01	 12.000000	 1.094538e+04	 1.094680e+04
panda.jpg	 334	 571	 7.534918e-01	 2.000000	 1.094740e+04	 1.094867e+04
rhino.jpg	 320	 560	 2.073326e+00	 2.000000	 1.094927e+04	 1.095185e+04
koala.jpg	 338	 572	 1.058382e+00	 2.000000	 1.095247e+04	 1.095404e+04
brown_bear.jpg	 351	 573	 7.099262e-01	 2.000000	 1.095464e+04	 1.095586e+04
tortoise.jpg	 244	 807	 2.279360e+00	 31.000000	 1.095644e+04	 1.095922e+04
duck.jpg	 347	 562	 2.316250e+00	 2.000000	 1.095984e+04	 1.096266e+04
hippo.jpg	 339	 559	 2.630334e+00	 2.000000	 1.096328e+04	 1.096641e+04
panda.jpg	 341	 565	 8.020916e-01	 2.000000	 1.096705e+04	 1.096836e+04
panda.jpg	 331	 555	 7.102053e-01	 2.000000	 1.096896e+04	 1.097018e+04
leopard.jpg	 721	 807	 1.508205e+00	 36.000000	 1.097077e+04	 1.097278e+04
panda.jpg	 328	 562	 1.901577e+00	 2.000000	 1.097338e+04	 1.097580e+04
moose.jpg	 336	 562	 1.285064e+00	 2.000000	 1.097642e+04	 1.097822e+04
kangaroo.jpg	 338	 565	 8.689112e-01	 2.000000	 1.097882e+04	 1.098021e+04
penguin.jpg	 342	 567	 9.200102e-01	 2.000000	 1.098081e+04	 1.098224e+04
kangaroo.jpg	 335	 560	 6.889399e-01	 2.000000	 1.098284e+04	 1.098404e+04
panda.jpg	 331	 569	 2.527441e+00	 2.000000	 1.098463e+04	 1.098766e+04
flamingo.jpg	 339	 555	 8.160739e-01	 2.000000	 1.098828e+04	 1.098961e+04
penguin.jpg	 351	 571	 8.734669e-01	 2.000000	 1.099021e+04	 1.099160e+04
leopard.jpg	 684	 803	 3.351351e+00	 36.000000	 1.099220e+04	 1.099607e+04
leopard.jpg	 695	 803	 1.101807e+00	 36.000000	 1.099670e+04	 1.099832e+04
macaw.jpg	 382	 567	 2.145765e+00	 2.000000	 1.099892e+04	 1.100157e+04
kangaroo.jpg	 341	 562	 2.078570e+00	 2.000000	 1.100219e+04	 1.100477e+04
ram.jpg	 345	 565	 1.140255e+00	 2.000000	 1.100539e+04	 1.100704e+04
rabbit.jpg	 524	 798	 1.501442e+00	 34.000000	 1.100764e+04	 1.100966e+04
moose.jpg	 352	 555	 1.427725e+00	 2.000000	 1.101026e+04	 1.101219e+04
ram.jpg	 354	 570	 7.563376e-01	 2.000000	 1.101279e+04	 1.101406e+04
horse.jpg	 345	 576	 5.978483e-01	 2.000000	 1.101466e+04	 1.101576e+04
hippo.jpg	 340	 552	 1.543007e+00	 2.000000	 1.101635e+04	 1.101840e+04
duck.jpg	 347	 559	 8.026009e-01	 2.000000	 1.101900e+04	 1.102032e+04
