lion.jpg	 255	 714	 8.877768e+00	 21.000000	 2.176704e+03	 2.186094e+03
pig.jpg	 1002	 742	 3.638494e+00	 30.000000	 2.186827e+03	 2.190980e+03
rabbit.jpg	 764	 730	 2.847506e+01	 27.000000	 2.191630e+03	 2.220616e+03
horse.jpg	 841	 732	 2.839575e+00	 28.000000	 2.221717e+03	 2.225069e+03
kangaroo.jpg	 427	 657	 1.202440e+01	 13.000000	 2.225704e+03	 2.238246e+03
brown_bear.jpg	 459	 730	 7.131364e+00	 23.000000	 2.239045e+03	 2.246684e+03
tortoise.jpg	 495	 817	 4.235747e+00	 34.000000	 2.247384e+03	 2.252137e+03
seal.jpg	 349	 736	 2.534024e+00	 22.000000	 2.252788e+03	 2.255840e+03
penguin.jpg	 595	 832	 2.121050e+00	 35.000000	 2.256457e+03	 2.259092e+03
dolphin.jpg	 436	 567	 2.329051e+00	 3.000000	 2.259709e+03	 2.262544e+03
rhino.jpg	 431	 817	 3.168256e+00	 33.000000	 2.263162e+03	 2.266847e+03
cow.jpg	 260	 561	 2.714118e+01	 1.000000	 2.267481e+03	 2.295133e+03
skunk.jpg	 349	 561	 3.372972e+00	 2.000000	 2.296200e+03	 2.300086e+03
llama.jpg	 933	 735	 2.566787e+00	 29.000000	 2.300720e+03	 2.303805e+03
duck.jpg	 582	 735	 1.042370e+01	 25.000000	 2.304422e+03	 2.315363e+03
leopard.jpg	 1042	 564	 1.245513e+01	 10.000000	 2.316130e+03	 2.329089e+03
elephantafrican.jpg	 760	 817	 4.500721e+00	 37.000000	 2.329890e+03	 2.334893e+03
camel.jpg	 682	 652	 3.391036e+00	 16.000000	 2.335560e+03	 2.339463e+03
mouse.jpg	 766	 650	 1.750756e+00	 17.000000	 2.340096e+03	 2.342364e+03
hippo.jpg	 904	 808	 6.124252e+00	 39.000000	 2.342965e+03	 2.349603e+03
macaw.jpg	 839	 841	 4.259323e+00	 38.000000	 2.350287e+03	 2.355056e+03
cat.jpg	 851	 649	 5.108389e+00	 18.000000	 2.355707e+03	 2.361327e+03
ram.jpg	 328	 816	 3.906927e+00	 32.000000	 2.361994e+03	 2.366414e+03
panda.jpg	 856	 558	 1.047638e+01	 8.000000	 2.367064e+03	 2.378055e+03
moose.jpg	 675	 754	 5.145546e+00	 26.000000	 2.378822e+03	 2.384476e+03
gorilla.jpg	 678	 576	 3.316690e+00	 6.000000	 2.385143e+03	 2.388962e+03
koala.jpg	 682	 745	 2.363626e+00	 26.000000	 2.389596e+03	 2.392465e+03
wolf.jpg	 927	 642	 1.934307e+00	 19.000000	 2.393098e+03	 2.395550e+03
flamingo.jpg	 341	 661	 3.174913e+00	 12.000000	 2.396167e+03	 2.399853e+03
zebra.jpg	 518	 744	 3.123712e+00	 24.000000	 2.400487e+03	 2.404122e+03
zebra.jpg	 509	 723	 1.067624e+00	 24.000000	 2.404756e+03	 2.406341e+03
tortoise.jpg	 497	 806	 1.880835e+00	 34.000000	 2.406941e+03	 2.409326e+03
ram.jpg	 357	 817	 1.432225e+00	 32.000000	 2.409943e+03	 2.411878e+03
leopard.jpg	 772	 550	 1.312110e+00	 7.000000	 2.412478e+03	 2.414296e+03
macaw.jpg	 848	 647	 1.731384e+00	 18.000000	 2.414897e+03	 2.417131e+03
rabbit.jpg	 780	 741	 3.159599e+00	 27.000000	 2.417748e+03	 2.421417e+03
llama.jpg	 935	 714	 1.261198e+00	 29.000000	 2.422051e+03	 2.423819e+03
moose.jpg	 592	 579	 3.878302e+00	 5.000000	 2.424420e+03	 2.428806e+03
flamingo.jpg	 354	 648	 1.569380e+00	 12.000000	 2.429456e+03	 2.431541e+03
kangaroo.jpg	 435	 650	 2.045433e+00	 13.000000	 2.432141e+03	 2.434693e+03
kangaroo.jpg	 435	 646	 1.107826e+00	 13.000000	 2.435310e+03	 2.436928e+03
panda.jpg	 1018	 560	 3.693406e+00	 10.000000	 2.437528e+03	 2.441731e+03
moose.jpg	 592	 722	 1.395558e+00	 25.000000	 2.442382e+03	 2.444283e+03
macaw.jpg	 855	 807	 2.042323e+00	 38.000000	 2.444883e+03	 2.447435e+03
brown_bear.jpg	 253	 737	 5.347218e+00	 21.000000	 2.448052e+03	 2.453906e+03
cow.jpg	 274	 568	 1.501446e+00	 1.000000	 2.454573e+03	 2.456591e+03
leopard.jpg	 755	 548	 1.108100e+00	 7.000000	 2.457191e+03	 2.458809e+03
cat.jpg	 854	 634	 1.689414e+00	 18.000000	 2.459410e+03	 2.461611e+03
flamingo.jpg	 355	 650	 1.308434e+00	 12.000000	 2.462212e+03	 2.464029e+03
kangaroo.jpg	 424	 657	 1.971962e+00	 13.000000	 2.464630e+03	 2.467115e+03
zebra.jpg	 517	 734	 2.068352e+00	 24.000000	 2.467732e+03	 2.470317e+03
penguin.jpg	 597	 822	 1.722132e+00	 35.000000	 2.470934e+03	 2.473169e+03
ram.jpg	 371	 819	 1.312426e+00	 32.000000	 2.473769e+03	 2.475587e+03
kangaroo.jpg	 438	 647	 2.869592e+00	 13.000000	 2.476204e+03	 2.479590e+03
duck.jpg	 916	 558	 7.868492e+00	 9.000000	 2.480224e+03	 2.488596e+03
leopard.jpg	 752	 587	 1.212865e+00	 7.000000	 2.489313e+03	 2.491031e+03
llama.jpg	 929	 758	 1.312754e+00	 29.000000	 2.491631e+03	 2.493449e+03
koala.jpg	 653	 726	 2.173070e+00	 26.000000	 2.494049e+03	 2.496735e+03
brown_bear.jpg	 595	 722	 1.678180e+00	 25.000000	 2.497352e+03	 2.499537e+03
panda.jpg	 1025	 562	 3.051869e+00	 10.000000	 2.500154e+03	 2.503722e+03
rhino.jpg	 436	 814	 1.612016e+00	 33.000000	 2.504357e+03	 2.506474e+03
cat.jpg	 855	 633	 1.593329e+00	 18.000000	 2.507075e+03	 2.509176e+03
cow.jpg	 255	 566	 1.558856e+00	 1.000000	 2.509777e+03	 2.511845e+03
rhino.jpg	 439	 821	 1.137110e+00	 33.000000	 2.512445e+03	 2.514096e+03
macaw.jpg	 859	 829	 1.815675e+00	 38.000000	 2.514697e+03	 2.517015e+03
horse.jpg	 831	 726	 1.769503e+00	 28.000000	 2.517615e+03	 2.519900e+03
cow.jpg	 277	 570	 1.483410e+00	 1.000000	 2.520517e+03	 2.522518e+03
panda.jpg	 602	 736	 1.812607e+00	 25.000000	 2.523119e+03	 2.525437e+03
cat.jpg	 859	 643	 1.614614e+00	 18.000000	 2.526037e+03	 2.528156e+03
cat.jpg	 856	 651	 9.758882e-01	 18.000000	 2.528756e+03	 2.530240e+03
macaw.jpg	 854	 823	 9.338592e-01	 38.000000	 2.530841e+03	 2.532292e+03
cat.jpg	 853	 648	 1.495278e+00	 18.000000	 2.532892e+03	 2.534894e+03
cow.jpg	 245	 572	 1.723241e+00	 1.000000	 2.535494e+03	 2.537729e+03
koala.jpg	 698	 719	 2.070570e+00	 26.000000	 2.538329e+03	 2.540914e+03
hippo.jpg	 1007	 559	 2.858530e+00	 10.000000	 2.541531e+03	 2.544900e+03
ram.jpg	 369	 832	 1.549597e+00	 32.000000	 2.545534e+03	 2.547602e+03
ram.jpg	 354	 813	 8.931083e-01	 32.000000	 2.548202e+03	 2.549603e+03
ram.jpg	 349	 807	 1.315243e+00	 32.000000	 2.550187e+03	 2.552005e+03
tortoise.jpg	 507	 822	 4.446121e+00	 34.000000	 2.552606e+03	 2.557559e+03
cow.jpg	 267	 555	 1.300983e+00	 1.000000	 2.558209e+03	 2.560027e+03
kangaroo.jpg	 429	 660	 1.734284e+00	 13.000000	 2.560627e+03	 2.562879e+03
duck.jpg	 545	 635	 3.618068e+00	 14.000000	 2.563479e+03	 2.567615e+03
duck.jpg	 537	 632	 9.255701e-01	 14.000000	 2.568249e+03	 2.569683e+03
hippo.jpg	 541	 588	 3.776823e+00	 4.000000	 2.570284e+03	 2.574570e+03
horse.jpg	 850	 743	 1.436636e+00	 28.000000	 2.575221e+03	 2.577172e+03
hippo.jpg	 577	 710	 1.411565e+00	 25.000000	 2.577772e+03	 2.579690e+03
penguin.jpg	 578	 841	 1.326558e+00	 35.000000	 2.580291e+03	 2.582125e+03
panda.jpg	 1023	 571	 2.148375e+00	 10.000000	 2.582726e+03	 2.585377e+03
duck.jpg	 433	 751	 2.852318e+00	 23.000000	 2.585994e+03	 2.589363e+03
hippo.jpg	 595	 741	 1.535000e+00	 25.000000	 2.589997e+03	 2.592048e+03
moose.jpg	 511	 655	 3.588313e+00	 14.000000	 2.592649e+03	 2.596752e+03
moose.jpg	 585	 665	 1.262525e+00	 15.000000	 2.597385e+03	 2.599153e+03
macaw.jpg	 836	 804	 1.657700e+00	 38.000000	 2.599754e+03	 2.601922e+03
moose.jpg	 504	 647	 1.607442e+00	 14.000000	 2.602539e+03	 2.604657e+03
rabbit.jpg	 458	 640	 1.866430e+00	 13.000000	 2.605291e+03	 2.607675e+03
leopard.jpg	 762	 566	 1.156887e+00	 7.000000	 2.608309e+03	 2.609977e+03
leopard.jpg	 770	 555	 9.156895e-01	 7.000000	 2.610578e+03	 2.612012e+03
duck.jpg	 509	 670	 1.853757e+00	 14.000000	 2.612612e+03	 2.614980e+03
hippo.jpg	 601	 721	 1.846453e+00	 25.000000	 2.615598e+03	 2.617949e+03
panda.jpg	 980	 566	 1.338061e+00	 	 2.618566e+03	 2.620417e+03
